1 
2 38,3 4,4 2,5 6,6 1,7 1,30 1,38 1,60 1,62 6,72 1,73 1,75 1,80 2,81 15,82 20,83 38,84 2,86 1,88 4,92 1,93 1,101 1,103 1,105 1,108 1,110 1,111 1,113 1,114 1,115 1,116 1,117 1,123 1,129 1,130 1,133 1,156 3,167 1,201 9,203 1,205 1,206 1,207 3,210 1,212 1,214 1,216 1,218 1,245 1,247 2,248 2,255 1,257 2,260 1,261 
3 38,2 1,4 1,5 2,6 1,7 1,44 1,48 1,60 1,62 5,72 2,73 2,75 2,80 1,81 15,82 21,83 34,84 1,86 7,92 1,93 1,101 1,110 2,115 2,123 1,129 1,130 3,167 2,193 14,203 1,204 2,205 1,206 1,208 8,210 1,211 1,214 1,219 2,246 1,248 1,251 2,255 1,256 1,257 2,260 
4 4,2 1,3 7,5 18,6 4,7 5,8 2,9 2,10 1,11 1,19 1,25 2,72 1,73 2,83 6,84 4,85 7,86 6,87 1,88 8,92 8,93 1,111 2,113 1,150 1,151 1,167 1,188 1,196 2,203 1,206 1,211 1,221 1,224 1,226 1,227 1,248 1,253 
5 2,2 1,3 7,4 5,6 8,7 15,8 4,9 4,10 1,47 1,72 1,74 1,76 1,82 2,84 3,85 7,86 7,87 2,88 2,89 1,92 4,93 2,113 1,129 1,151 1,196 1,203 2,210 1,219 1,245 
6 6,2 2,3 18,4 5,5 4,7 7,8 1,9 3,10 1,31 1,32 1,72 1,81 1,83 8,84 1,85 7,86 4,87 3,88 3,89 10,92 10,93 1,100 2,101 1,108 1,120 1,123 1,144 1,150 1,156 1,159 1,167 1,169 2,188 1,191 1,196 2,203 1,206 2,207 1,209 1,210 1,211 1,212 1,216 1,220 1,221 1,224 2,226 1,227 2,231 2,247 1,248 2,252 2,253 1,254 1,260 
7 1,2 1,3 4,4 8,5 4,6 9,8 3,9 6,10 2,75 1,76 1,78 3,84 1,85 3,86 2,87 2,88 3,92 3,93 1,113 1,196 1,203 3,206 1,208 1,210 1,211 1,216 1,218 1,223 1,226 1,227 1,229 1,230 1,248 1,253 1,259 
8 5,4 15,5 7,6 9,7 15,9 18,10 1,19 4,72 1,74 1,84 5,86 6,87 3,88 1,89 6,92 6,93 7,113 1,151 1,167 4,203 1,206 1,207 2,210 1,211 1,219 1,245 1,248 1,253 
9 2,4 4,5 1,6 3,7 15,8 7,10 1,19 1,72 1,86 1,92 2,93 3,113 1,151 3,203 1,206 1,207 1,219 
10 2,4 4,5 3,6 6,7 18,8 7,9 1,72 1,86 2,87 1,88 2,92 1,93 5,113 1,151 1,203 1,206 2,210 1,248 
11 1,4 3,12 9,13 1,14 2,15 1,25 7,27 39,28 1,30 3,44 1,46 1,47 62,50 1,51 2,52 13,53 10,65 3,68 2,70 18,72 1,73 2,74 1,76 1,79 7,80 6,81 1,82 1,83 1,84 1,85 1,87 2,88 2,92 1,93 58,94 22,95 44,96 1,99 1,100 2,103 1,104 1,106 1,109 66,115 9,120 15,121 6,122 1,123 14,129 4,130 2,132 2,133 47,139 1,142 28,153 111,154 1,156 1,157 1,160 1,161 1,163 3,168 1,172 6,173 4,174 10,184 8,187 87,188 1,189 76,192 19,193 27,201 1,202 2,203 1,204 88,214 88,215 8,216 3,218 1,219 13,220 1,221 1,228 2,233 15,234 24,245 82,246 2,247 1,249 1,250 1,253 1,254 32,256 1,258 2,260 
12 3,11 31,13 31,14 28,15 1,17 4,18 11,19 1,21 3,22 3,23 6,25 1,27 5,30 2,32 2,33 4,38 3,41 2,44 3,50 5,51 1,65 4,68 3,72 1,74 1,76 1,94 1,95 2,99 3,100 2,101 2,103 1,106 2,108 7,109 2,110 1,111 1,115 1,116 1,117 1,120 1,123 1,127 1,140 2,147 1,153 1,154 2,155 2,156 5,157 1,158 1,159 2,160 1,165 2,167 3,168 1,170 1,174 1,187 4,188 2,189 2,190 1,191 1,193 1,196 1,201 1,202 1,203 1,204 3,205 2,210 2,214 1,215 9,216 3,218 5,219 12,220 1,245 2,247 4,248 2,249 1,250 2,252 1,254 2,256 5,258 6,260 
13 9,11 31,12 13,14 19,15 5,18 8,19 1,22 3,25 1,30 2,33 1,34 1,43 2,44 1,45 1,46 3,50 1,51 1,65 1,66 2,68 2,72 1,74 1,79 1,83 1,84 1,86 1,92 1,93 1,95 1,96 3,100 1,101 3,103 1,107 5,109 4,110 1,111 1,120 1,121 1,129 4,140 2,142 2,144 2,147 1,151 2,153 1,154 3,155 2,156 6,157 1,159 2,163 1,167 3,168 1,174 1,187 4,188 1,189 2,192 2,201 1,204 2,205 1,210 3,214 1,215 4,216 7,220 2,234 1,245 1,246 1,247 4,248 1,256 1,257 1,258 1,261 
14 1,11 31,12 13,13 13,15 3,16 1,17 5,18 8,19 1,20 2,21 2,22 1,23 1,25 1,28 1,29 2,30 1,38 1,41 1,45 1,47 1,50 2,51 1,53 1,55 3,68 2,72 1,74 1,76 1,95 1,97 1,98 3,100 1,101 3,103 1,105 1,106 2,108 5,109 1,110 1,114 1,115 2,121 4,123 1,124 3,127 1,128 1,130 3,132 1,134 1,135 1,139 1,155 1,156 2,167 4,168 1,177 2,183 1,184 2,187 1,189 1,190 2,191 1,196 1,198 1,205 4,214 8,216 1,217 2,218 15,220 1,226 1,231 1,245 1,246 1,247 1,251 1,253 2,256 4,258 5,260 
15 2,11 28,12 19,13 13,14 4,16 1,17 4,18 9,19 1,20 4,21 1,22 2,23 1,25 2,28 13,30 2,32 4,33 1,34 1,37 10,38 2,41 2,44 1,56 1,57 1,64 1,66 4,68 1,72 1,82 1,83 1,84 2,99 1,100 1,103 2,106 1,107 4,109 2,110 1,111 3,115 5,116 1,117 1,129 2,132 1,133 2,140 2,142 1,151 2,155 1,157 1,159 1,163 2,168 1,184 1,188 1,190 1,197 1,217 4,220 1,223 2,224 1,226 1,227 1,230 2,232 3,234 1,247 1,248 1,250 1,251 1,256 2,260 
16 3,14 4,15 2,17 4,18 3,19 3,21 1,23 1,25 1,57 1,66 1,97 1,109 1,116 1,163 1,190 1,191 1,194 1,226 1,231 1,234 1,256 1,260 
17 1,12 1,14 1,15 2,16 2,18 1,25 1,72 1,108 1,141 1,143 1,146 1,155 1,160 1,163 
18 4,12 5,13 5,14 4,15 4,16 2,17 1,19 2,21 2,22 1,51 1,100 1,114 1,141 2,143 1,144 1,146 1,147 1,151 1,156 1,158 2,163 1,168 1,187 1,189 1,190 1,191 1,258 
19 1,4 1,8 1,9 11,12 8,13 8,14 9,15 3,16 1,18 1,20 1,21 1,22 3,23 1,24 1,25 1,28 1,38 1,41 1,43 1,44 4,46 2,50 1,51 1,65 1,66 4,68 1,72 1,79 1,97 1,98 1,99 1,100 1,102 3,103 1,104 3,107 1,108 2,109 1,111 1,113 1,114 1,115 1,123 1,126 1,135 1,139 2,140 1,142 1,144 1,151 2,157 1,158 1,159 1,160 1,161 2,162 3,163 1,164 2,169 4,170 1,176 1,180 1,191 1,194 1,196 1,197 1,202 1,203 1,204 1,210 2,216 1,217 2,220 1,221 1,222 1,223 3,224 5,226 2,227 1,228 1,229 2,230 4,231 1,232 1,247 2,250 3,251 1,253 1,256 2,258 1,259 
20 1,14 1,15 1,19 1,24 1,71 1,109 1,132 1,143 1,150 
21 1,12 2,14 4,15 3,16 2,18 1,19 1,23 1,72 1,234 2,256 
22 3,12 1,13 2,14 1,15 2,18 1,19 2,23 1,24 2,29 3,30 3,38 2,44 3,50 20,51 1,63 2,81 2,93 1,94 1,108 3,110 1,114 1,115 1,116 1,124 1,128 1,134 1,136 1,157 2,167 1,168 1,170 1,205 1,216 1,218 1,220 1,221 1,231 1,249 3,255 2,256 1,257 4,258 2,260 
23 3,12 1,14 2,15 1,16 3,19 1,21 2,22 1,38 1,44 4,51 1,109 1,111 1,113 3,114 1,116 1,159 1,170 1,191 1,234 1,250 1,251 2,256 1,258 
24 1,19 1,20 1,22 
25 1,4 1,11 6,12 3,13 1,14 1,15 1,16 1,17 1,19 1,27 1,30 1,31 1,32 1,42 1,44 1,45 1,47 1,51 1,72 1,94 3,96 1,99 1,103 6,109 2,110 1,111 1,113 1,114 1,117 1,127 1,132 1,133 1,139 2,140 1,143 1,144 1,147 2,155 2,156 1,157 1,160 1,163 3,167 2,168 4,188 3,189 1,195 1,201 1,214 5,216 1,218 2,219 7,220 1,222 1,224 1,230 1,231 1,249 2,256 
26 1,39 1,58 1,74 1,215 
27 7,11 1,12 1,25 1,28 3,38 1,44 6,50 1,51 6,52 9,53 1,68 1,81 2,95 2,96 1,101 1,103 1,105 2,109 3,110 3,111 1,114 24,115 3,116 2,117 1,120 1,121 1,132 14,139 1,140 1,145 1,146 4,153 2,173 4,174 2,175 10,184 5,188 5,192 6,214 7,215 3,216 1,218 3,220 1,221 1,222 1,223 1,225 1,230 1,232 4,233 3,234 6,246 1,256 
28 39,11 1,14 2,15 1,19 1,27 5,29 4,30 2,33 3,38 2,44 3,50 14,52 107,53 1,54 2,55 1,59 2,63 1,65 2,70 32,72 1,73 1,74 1,80 5,81 8,94 6,95 13,96 1,103 3,110 96,115 4,116 4,120 2,121 1,122 1,130 1,132 44,139 2,140 2,153 13,154 9,173 30,174 4,175 1,180 45,184 1,187 10,188 9,192 3,193 1,196 34,214 39,215 1,216 3,217 1,223 1,224 1,227 11,233 13,234 2,235 3,245 12,246 6,256 1,258 
29 1,14 2,22 5,28 37,30 5,31 3,32 9,33 3,35 2,36 1,37 25,38 5,41 2,44 2,52 5,53 4,54 7,55 1,59 13,63 5,72 1,103 1,109 2,110 1,111 1,115 6,116 1,123 1,127 1,139 1,140 1,143 1,147 1,151 1,155 1,156 1,167 1,171 3,173 1,175 1,176 1,183 5,184 1,214 3,215 5,216 6,217 7,220 1,230 1,232 2,233 1,234 1,245 1,248 1,252 2,256 
30 1,2 1,11 5,12 1,13 2,14 13,15 3,22 1,25 4,28 37,29 3,31 3,32 9,33 2,34 1,36 3,37 61,38 2,39 7,41 6,44 2,52 7,53 5,54 6,55 1,57 19,63 1,64 4,72 1,73 1,74 1,81 1,95 1,96 2,103 2,108 1,109 6,110 3,115 22,116 12,117 1,121 1,123 1,124 1,126 2,127 1,128 3,139 2,140 4,142 2,143 1,144 1,155 1,156 1,167 1,171 1,173 1,174 1,175 3,176 7,184 2,214 4,215 6,216 7,217 1,218 14,220 3,234 1,245 1,256 1,258 2,260 
31 1,6 1,25 5,29 3,30 1,32 9,33 3,34 3,35 2,36 6,37 8,38 10,39 13,40 7,41 1,45 1,53 1,54 1,57 3,59 1,63 1,64 1,68 1,81 1,92 2,110 8,111 3,112 4,114 1,115 7,116 3,117 3,118 2,119 2,143 2,183 1,214 1,227 2,230 1,232 1,246 
32 1,6 2,12 2,15 1,25 3,29 3,30 1,31 4,33 1,34 1,35 1,36 1,37 2,39 3,41 1,44 1,53 1,63 1,72 1,83 1,93 1,110 1,140 1,142 2,143 1,144 1,149 1,184 1,216 1,220 1,234 
33 2,12 2,13 4,15 2,28 9,29 9,30 9,31 4,32 1,34 5,35 4,36 3,37 12,38 1,39 2,40 4,41 3,63 2,64 1,72 1,94 2,110 1,116 1,117 1,176 1,184 1,217 1,225 1,226 1,229 1,232 1,248 1,252 
34 1,13 1,15 2,30 3,31 1,32 1,33 2,38 1,39 2,44 1,53 1,54 1,64 2,110 1,111 1,115 1,116 
35 3,29 3,31 1,32 5,33 6,36 1,37 1,38 1,39 1,40 3,41 1,54 2,55 2,57 2,59 2,63 5,64 1,94 1,116 1,139 1,141 1,144 1,229 1,230 1,233 1,256 1,258 
36 2,29 1,30 2,31 1,32 4,33 6,35 2,37 1,38 1,39 1,54 1,55 3,57 2,63 6,64 1,166 1,183 1,217 1,229 1,256 
37 1,15 1,29 3,30 6,31 1,32 3,33 1,35 2,36 6,39 4,41 1,53 2,64 1,111 2,116 1,144 1,171 1,229 
38 1,2 4,12 1,14 10,15 1,19 3,22 1,23 3,27 3,28 25,29 61,30 8,31 12,33 2,34 1,35 1,36 2,39 4,41 1,42 17,44 1,46 1,50 1,51 5,52 2,53 2,54 3,55 1,60 17,63 8,72 1,81 3,82 2,83 3,84 1,94 1,95 1,97 1,99 1,101 2,108 2,109 27,110 17,111 1,113 1,114 8,115 50,116 27,117 2,118 1,121 1,123 2,127 4,139 14,140 5,141 8,142 6,144 1,155 1,156 1,170 1,174 1,175 4,176 1,180 14,184 1,188 2,189 1,203 1,210 6,214 6,215 2,216 1,217 1,218 1,219 12,220 1,221 1,227 1,232 1,233 3,234 1,245 1,248 2,256 
39 1,26 2,30 10,31 2,32 1,33 1,34 1,35 1,36 6,37 2,38 2,40 5,41 2,44 1,53 1,59 1,63 1,80 3,110 1,112 4,116 1,119 1,143 1,151 1,184 1,214 1,215 1,233 1,239 
40 13,31 2,33 1,35 2,39 1,53 1,110 5,111 1,112 1,113 3,114 2,116 1,117 1,119 1,130 3,141 4,143 1,144 2,148 1,184 1,188 
41 3,12 1,14 2,15 1,19 5,29 7,30 7,31 3,32 4,33 3,35 4,37 4,38 5,39 1,52 1,59 1,63 1,64 1,68 1,80 2,94 1,110 3,111 1,113 1,116 1,140 1,143 1,144 1,145 1,151 1,171 1,184 2,214 1,215 1,216 1,221 1,226 1,229 2,230 1,231 1,245 
42 1,25 1,38 3,43 15,44 1,45 9,46 1,47 1,49 2,69 1,80 1,92 1,98 1,101 1,103 1,104 1,106 5,109 2,110 2,111 1,112 3,113 1,114 1,115 1,123 1,127 1,150 1,155 2,156 2,161 1,162 1,165 4,167 4,168 1,190 1,199 1,203 2,204 3,210 1,211 3,212 1,254 2,260 
43 1,13 1,19 3,42 4,44 1,46 1,47 1,49 3,68 1,69 1,96 1,97 2,98 1,99 3,103 3,108 2,109 1,125 1,126 1,140 1,150 1,156 2,157 2,158 1,159 1,160 1,167 1,195 1,199 2,202 3,203 1,204 1,205 1,209 1,210 2,247 2,248 1,256 2,260 1,261 
44 1,3 3,11 2,12 2,13 2,15 1,19 2,22 1,23 1,25 1,27 2,28 2,29 6,30 1,32 2,34 17,38 2,39 15,42 4,43 1,45 9,46 7,47 1,49 3,50 10,51 1,55 1,60 3,68 1,69 5,72 1,73 1,74 2,81 3,82 3,83 1,86 1,88 2,92 4,93 1,94 1,96 1,98 2,99 4,101 4,103 1,106 2,107 1,108 7,109 29,110 8,111 2,112 2,113 4,114 10,115 6,116 1,117 1,120 3,123 2,127 1,133 1,135 7,139 8,140 3,141 3,142 1,143 4,144 2,145 1,146 1,148 2,150 2,154 2,156 4,167 5,168 1,170 1,173 2,184 2,185 7,188 5,189 5,190 3,191 1,193 2,196 1,199 1,200 4,201 8,203 6,204 1,206 6,210 1,211 3,212 2,213 2,214 1,227 2,240 1,242 2,243 1,245 2,246 1,254 2,256 4,260 
45 1,13 1,14 1,25 1,31 1,42 1,44 1,46 2,47 1,69 1,72 2,92 2,94 2,99 1,104 1,105 1,108 3,109 1,110 1,124 1,126 1,127 1,133 1,139 1,144 1,155 3,157 1,158 5,167 5,168 2,190 1,194 1,196 1,210 1,211 1,214 1,216 1,218 2,220 1,234 1,245 
46 1,11 1,13 4,19 1,38 9,42 1,43 9,44 1,45 6,47 4,68 5,69 1,71 1,79 1,80 1,92 1,95 3,98 1,99 3,101 1,102 1,103 1,105 1,106 2,107 8,108 5,109 1,112 2,113 1,127 1,130 2,133 3,143 3,144 4,151 1,153 2,155 1,157 5,158 6,159 5,160 3,161 6,162 5,163 3,164 5,165 2,166 1,167 4,168 4,169 2,170 2,171 2,188 1,189 2,190 4,191 1,194 1,196 1,203 1,204 1,206 1,208 2,209 1,210 6,211 6,212 1,218 1,220 1,226 1,247 1,250 2,251 2,253 1,254 1,260 
47 1,5 1,11 1,14 1,25 1,42 1,43 7,44 2,45 6,46 1,49 2,51 1,68 2,69 1,87 1,88 1,93 2,99 1,100 2,101 3,103 3,104 1,105 1,107 2,108 6,109 1,123 1,126 1,127 1,133 3,155 2,156 1,159 1,160 1,162 1,163 1,168 1,188 1,190 1,191 1,195 2,196 1,211 1,212 1,215 2,216 2,218 2,219 1,220 1,245 3,247 2,248 1,249 1,250 1,251 2,252 1,253 1,258 13,260 
48 1,3 1,81 1,210 1,246 
49 1,42 1,43 1,44 1,47 1,66 1,79 2,92 1,95 1,98 1,99 1,103 1,104 1,107 3,109 1,126 1,132 1,133 1,155 2,156 1,158 1,163 1,164 1,167 1,168 1,169 1,171 1,194 1,199 1,207 1,214 1,216 1,219 2,220 1,221 1,234 1,246 1,247 1,248 1,250 1,252 1,254 
50 62,11 3,12 3,13 1,14 2,19 3,22 6,27 3,28 1,38 3,44 7,51 1,52 4,53 1,70 8,72 2,79 7,80 13,81 1,83 1,93 25,94 5,95 20,96 2,98 1,99 1,100 1,101 1,102 1,105 4,109 5,110 1,111 1,114 46,115 1,116 3,120 5,121 1,122 1,124 1,128 3,129 3,130 32,139 22,153 37,154 1,155 1,156 1,167 1,171 4,174 2,175 2,187 56,188 2,189 1,190 24,192 12,193 1,194 1,199 32,201 4,203 3,204 2,205 2,210 34,214 36,215 1,230 1,233 4,234 1,240 1,243 13,245 47,246 2,247 1,248 1,249 2,253 1,254 2,255 37,256 1,257 1,258 1,259 1,260 
51 1,11 5,12 1,13 2,14 1,18 1,19 20,22 4,23 1,25 1,27 1,38 10,44 2,47 7,50 2,81 2,86 3,88 12,93 1,98 1,102 6,110 4,111 2,113 6,114 2,115 1,117 1,124 1,128 1,134 1,136 1,139 1,140 1,141 1,149 1,156 1,157 1,164 2,167 2,168 3,170 4,188 4,189 1,190 2,191 1,196 3,201 10,203 5,204 5,205 1,206 1,209 2,213 1,214 1,216 2,220 1,245 5,247 2,248 1,249 1,251 10,255 5,256 1,257 5,258 8,260 
52 2,11 6,27 14,28 2,29 2,30 5,38 1,41 1,50 25,53 6,55 2,59 5,63 10,72 1,81 1,96 1,108 11,115 3,117 1,122 1,130 1,131 5,139 1,140 1,142 4,173 22,174 1,175 3,176 1,183 3,184 1,192 1,193 1,198 5,214 2,215 1,220 10,233 1,234 1,236 1,237 1,256 
53 13,11 1,14 9,27 107,28 5,29 7,30 1,31 1,32 1,34 1,37 2,38 1,39 1,40 4,50 25,52 3,54 5,55 2,63 30,72 1,73 4,81 3,94 3,95 5,96 1,103 3,110 2,111 1,113 76,115 5,116 2,117 1,120 1,122 4,130 1,132 28,139 1,140 5,154 12,173 39,174 2,175 3,176 39,184 5,188 4,192 2,193 22,214 27,215 2,216 2,217 1,220 1,224 1,232 19,233 12,234 1,235 1,236 1,237 2,245 4,246 1,255 5,256 1,258 
54 1,28 4,29 5,30 1,31 1,34 1,35 1,36 2,38 3,53 13,55 3,57 6,59 8,63 5,64 2,72 1,73 1,74 1,76 1,110 2,115 1,117 1,118 1,174 2,175 6,176 1,182 2,183 2,214 1,215 1,226 1,230 1,233 1,236 1,237 1,256 
55 1,14 2,28 7,29 6,30 2,35 1,36 3,38 1,44 6,52 5,53 13,54 1,58 4,59 14,63 1,64 4,72 2,73 1,74 2,110 1,111 1,115 4,116 6,117 1,118 1,131 1,140 1,142 1,173 6,174 2,175 5,176 1,183 1,184 1,198 1,214 2,215 1,217 1,220 1,233 1,236 1,237 1,256 
56 1,15 7,57 7,58 1,59 1,61 1,63 2,64 1,72 1,81 3,117 2,118 1,180 5,182 2,183 2,233 3,234 5,238 4,239 2,244 
57 1,15 1,16 1,30 1,31 2,35 3,36 3,54 7,56 5,58 4,59 1,63 8,64 1,72 1,78 1,81 1,110 1,111 1,116 1,117 2,118 1,166 1,182 3,183 1,215 1,217 2,233 2,234 1,256 1,258 
58 1,26 1,55 7,56 5,57 1,59 3,63 1,74 1,81 3,117 2,118 1,180 1,183 2,233 2,234 1,239 
59 1,28 1,29 3,31 2,35 1,39 1,41 2,52 6,54 4,55 1,56 4,57 1,58 3,63 4,64 1,72 1,76 1,115 1,117 1,174 1,176 1,182 2,183 1,198 1,258 
60 1,2 1,3 1,38 1,44 1,83 1,84 1,140 
61 1,56 
62 1,2 1,3 1,81 1,84 1,173 1,203 
63 1,22 2,28 13,29 19,30 1,31 1,32 3,33 2,35 2,36 17,38 1,39 1,41 5,52 2,53 8,54 14,55 1,56 1,57 3,58 3,59 4,72 1,73 1,82 1,84 1,99 1,108 6,116 8,117 1,129 1,151 1,173 3,174 1,175 2,176 1,184 1,214 2,215 2,220 1,224 1,226 1,233 1,234 1,239 1,245 1,256 
64 1,15 1,30 1,31 2,33 1,34 5,35 6,36 2,37 1,41 5,54 1,55 2,56 8,57 4,59 1,72 1,78 1,110 2,115 1,118 1,166 1,217 1,229 1,234 2,256 1,258 
65 10,11 1,12 1,13 1,19 1,28 1,66 1,68 2,70 1,72 1,73 1,74 3,94 3,96 1,103 1,108 1,115 1,129 1,133 2,153 8,154 1,155 1,162 1,167 1,172 3,188 3,192 2,193 4,201 1,214 1,215 1,216 2,220 
66 1,13 1,15 1,16 1,19 1,49 1,65 1,68 1,100 2,102 1,104 1,109 1,110 1,111 1,132 2,133 1,154 1,156 1,157 2,158 1,159 1,160 1,161 2,163 1,164 1,168 1,170 1,203 1,234 
67 1,81 1,84 1,201 
68 3,11 4,12 2,13 3,14 4,15 4,19 1,27 1,31 1,41 3,43 3,44 4,46 1,47 1,65 1,66 1,69 1,71 1,85 1,94 5,99 3,101 5,103 1,105 1,106 5,109 1,113 1,132 1,135 1,139 1,140 1,141 1,147 1,150 2,153 2,154 7,155 6,156 5,157 2,158 1,160 2,162 1,163 4,167 7,168 1,169 3,170 1,180 2,188 2,189 4,190 1,191 1,201 1,202 4,203 1,204 1,209 4,210 1,213 2,214 2,216 1,219 4,220 1,234 4,247 1,248 1,249 1,252 1,253 1,255 1,256 1,258 2,260 
69 2,42 1,43 1,44 1,45 5,46 2,47 1,68 1,79 1,96 1,99 1,104 3,108 1,109 1,114 1,123 1,126 1,155 2,158 5,159 2,160 1,161 4,162 3,163 1,164 1,165 1,167 2,169 2,170 2,171 2,188 1,191 1,195 2,202 2,203 1,204 2,205 3,206 1,207 1,208 3,209 2,210 4,211 6,212 1,220 1,247 2,254 1,255 
70 2,11 2,28 1,50 2,65 1,72 1,80 18,94 8,95 18,96 1,105 1,107 5,120 7,121 1,122 1,129 1,139 2,153 16,154 1,172 1,184 3,187 5,188 18,192 8,193 3,201 12,214 12,215 1,245 11,246 3,256 
71 1,20 1,46 1,68 1,95 1,97 4,98 8,99 4,101 2,102 10,103 2,106 1,107 4,108 5,109 1,124 1,143 1,150 3,155 1,157 1,159 2,161 2,163 1,164 2,165 1,166 1,167 2,168 1,194 1,196 1,199 1,202 1,203 1,215 3,216 1,217 1,218 1,219 4,220 1,226 2,230 1,231 1,234 1,248 1,253 
72 6,2 5,3 2,4 1,5 1,6 4,8 1,9 1,10 18,11 3,12 2,13 2,14 1,15 1,17 1,19 1,21 1,25 32,28 5,29 4,30 1,32 1,33 8,38 5,44 1,45 8,50 10,52 30,53 2,54 4,55 1,56 1,57 1,59 4,63 1,64 1,65 1,70 12,80 14,81 9,82 4,83 6,84 4,86 1,87 2,88 1,89 3,92 1,93 1,94 6,95 16,96 2,103 1,105 1,108 2,109 3,110 2,111 1,112 2,113 1,114 26,115 2,116 1,117 4,120 5,121 3,129 1,130 1,138 14,139 2,140 4,144 1,145 1,146 1,147 12,153 17,154 1,155 2,156 2,157 4,158 2,159 4,167 1,171 2,172 12,173 32,174 21,175 7,176 1,177 1,178 2,180 2,182 2,183 9,184 5,187 9,188 15,192 12,193 1,194 2,196 1,200 10,201 4,203 1,207 1,213 34,214 39,215 12,216 4,219 12,220 1,230 11,233 11,234 4,235 1,236 1,237 1,238 1,239 1,240 1,241 1,242 1,244 6,245 35,246 3,247 2,248 1,252 2,255 7,256 3,260 
73 1,2 2,3 1,4 1,11 1,28 1,30 1,44 1,53 1,54 2,55 1,63 1,65 10,74 14,75 4,76 3,77 5,78 2,82 4,83 2,84 1,92 1,93 1,95 2,101 1,109 2,110 2,111 1,115 2,116 1,117 1,123 1,127 1,132 1,133 2,140 1,141 1,147 1,161 1,173 3,174 5,175 15,176 18,180 1,182 2,183 1,184 1,185 1,191 1,193 1,203 2,205 3,215 4,216 1,217 1,218 1,219 5,220 2,233 1,246 
74 1,5 1,8 2,11 1,12 1,13 1,14 1,26 1,28 1,30 1,44 1,54 1,55 1,58 1,65 10,73 5,75 1,76 1,78 1,82 1,83 1,86 1,92 2,93 1,101 1,109 2,116 3,140 1,141 1,142 2,144 1,147 2,151 2,156 1,157 2,161 1,162 1,168 2,173 1,174 2,176 2,180 1,203 1,205 1,214 1,215 3,216 3,218 1,219 3,220 1,246 1,247 
75 1,2 2,3 2,7 14,73 5,74 1,76 1,77 2,78 1,82 2,83 2,84 1,92 1,95 2,110 1,111 1,115 1,117 1,119 1,129 1,139 1,140 1,152 1,175 5,176 6,180 1,193 1,203 2,205 1,214 1,215 2,216 1,217 1,218 1,220 1,223 1,246 
76 1,5 1,7 1,11 1,12 1,14 1,54 1,59 4,73 1,74 1,75 4,78 1,79 1,82 1,110 1,111 1,132 1,133 1,143 1,176 2,180 2,184 2,191 1,193 1,197 1,216 1,223 1,224 1,227 2,231 2,247 1,248 1,260 
77 3,73 1,75 8,78 1,84 1,86 1,89 1,95 1,127 1,139 1,140 2,176 4,180 2,182 1,210 1,228 1,245 
78 1,7 1,57 1,64 5,73 1,74 2,75 4,76 8,77 1,83 1,84 1,85 3,86 1,87 1,89 1,91 1,93 1,95 1,123 1,127 1,128 1,141 3,143 1,144 1,151 2,152 2,173 1,174 1,175 1,176 1,177 8,180 3,182 1,183 1,184 1,195 1,200 1,210 1,223 1,231 2,256 
79 1,11 1,13 1,19 1,46 1,49 2,50 1,69 1,76 1,92 2,97 1,98 3,99 3,100 2,101 1,102 1,103 1,106 2,107 3,108 2,109 1,127 1,165 1,188 1,197 1,199 1,201 2,204 1,206 1,208 1,212 
80 1,2 2,3 7,11 1,28 1,39 1,41 1,42 1,46 7,50 1,70 12,72 7,81 1,82 1,83 1,84 2,92 5,94 2,95 4,96 1,99 1,110 1,112 1,113 6,115 3,120 2,121 3,129 1,132 1,133 1,137 4,139 1,143 6,153 11,154 1,156 13,173 5,174 3,175 2,178 2,181 1,184 13,192 6,193 22,201 1,210 4,214 14,215 1,216 1,220 1,234 2,245 25,246 1,255 6,256 1,259 
81 2,2 1,3 1,6 6,11 2,22 1,27 5,28 1,30 1,31 1,38 2,44 1,48 13,50 2,51 1,52 4,53 1,56 1,57 1,58 1,62 1,67 14,72 7,80 2,84 1,92 6,94 1,95 4,96 1,109 1,110 20,115 2,116 1,117 4,120 1,127 1,128 1,129 1,137 1,138 14,139 1,143 1,151 13,153 17,154 1,157 2,167 1,168 1,170 23,173 4,174 3,175 3,176 1,180 1,184 1,187 8,188 8,192 18,193 41,201 1,202 3,203 3,204 1,205 1,210 1,212 11,214 17,215 3,216 1,217 1,218 2,219 3,220 3,233 4,234 1,242 7,245 32,246 1,250 3,256 1,257 1,258 
82 15,2 15,3 1,5 1,11 1,15 3,38 3,44 1,63 9,72 2,73 1,74 1,75 1,76 1,80 41,83 36,84 3,85 6,86 7,87 4,88 14,92 6,93 1,94 1,95 4,110 2,111 1,114 2,115 1,116 2,117 1,120 1,127 1,129 1,139 3,140 2,141 1,151 1,156 1,163 1,167 1,168 3,173 2,174 1,175 3,176 1,184 2,189 1,201 3,203 3,204 1,205 1,210 1,215 5,216 2,218 3,220 2,229 1,233 2,247 2,255 3,260 
83 20,2 21,3 2,4 1,6 1,11 1,13 1,15 1,32 2,38 3,44 1,50 1,60 4,72 4,73 1,74 2,75 1,78 1,80 41,82 39,84 4,85 2,86 2,87 3,88 1,90 10,92 2,93 1,94 4,110 1,111 1,112 1,114 2,115 2,116 1,117 1,127 1,130 1,139 4,140 2,141 1,143 2,144 2,147 2,151 2,156 1,163 1,167 2,168 1,173 2,174 1,175 3,176 1,184 1,201 2,202 3,203 2,204 4,205 1,210 1,215 4,216 2,218 3,220 1,221 1,226 1,231 1,233 1,245 1,250 5,255 1,256 1,257 1,260 
84 38,2 34,3 6,4 2,5 8,6 3,7 1,8 1,11 1,13 1,15 3,38 1,60 1,62 1,63 1,67 6,72 2,73 2,75 1,77 1,78 1,80 2,81 36,82 39,83 2,85 8,86 5,87 7,88 11,92 5,93 1,94 2,110 1,111 1,115 1,117 1,123 1,127 1,129 1,140 1,144 1,151 1,154 1,156 1,159 2,163 3,167 2,168 1,169 3,175 2,176 2,180 1,182 1,191 1,201 1,202 6,203 1,204 3,205 1,207 1,210 1,211 1,212 1,229 1,245 1,247 1,248 1,250 1,251 5,255 2,257 1,260 
85 4,4 3,5 1,6 1,7 1,11 1,68 1,78 3,82 4,83 2,84 12,86 4,87 4,88 6,89 1,91 5,92 1,93 2,140 2,141 1,143 1,150 1,151 1,158 2,180 1,204 1,213 1,218 1,255 
86 2,2 1,3 7,4 7,5 7,6 3,7 5,8 1,9 1,10 1,13 1,44 2,51 4,72 1,74 1,77 3,78 6,82 2,83 8,84 12,85 14,87 15,88 7,89 1,90 1,91 18,92 21,93 2,111 1,114 1,120 2,159 1,167 1,169 1,173 1,175 1,176 4,180 1,182 2,204 3,206 1,208 2,210 2,212 1,218 1,220 1,229 1,247 2,248 1,251 2,255 1,260 1,261 
87 6,4 7,5 4,6 2,7 6,8 2,10 1,11 1,47 1,72 1,78 7,82 2,83 5,84 4,85 14,86 11,88 7,89 1,90 1,91 12,92 8,93 2,111 1,113 1,151 2,159 1,175 1,180 1,189 1,191 1,196 1,203 2,206 1,210 2,212 1,221 2,229 1,255 1,260 
88 1,2 1,4 2,5 3,6 2,7 3,8 1,10 2,11 1,44 1,47 3,51 2,72 4,82 3,83 7,84 4,85 15,86 11,87 7,89 2,90 1,91 11,92 11,93 1,113 1,114 2,120 1,154 1,156 1,167 1,175 1,176 1,180 1,182 1,184 1,196 1,210 1,213 1,221 1,248 1,251 1,261 
89 2,5 3,6 1,8 1,72 1,77 1,78 6,85 7,86 7,87 7,88 6,90 4,91 8,92 4,93 1,111 1,113 1,120 1,134 1,144 1,151 1,160 1,175 1,176 1,180 1,184 1,196 1,218 1,255 
90 1,83 1,86 1,87 2,88 6,89 2,91 3,92 1,93 1,133 1,143 1,144 1,151 1,176 1,184 1,196 
91 1,78 1,85 1,86 1,87 1,88 4,89 2,90 1,92 1,133 1,175 1,180 
92 4,2 7,3 8,4 1,5 10,6 3,7 6,8 1,9 2,10 2,11 1,13 1,31 1,42 2,44 2,45 1,46 2,49 3,72 1,73 1,74 1,75 1,79 2,80 1,81 14,82 10,83 11,84 5,85 18,86 12,87 11,88 8,89 3,90 1,91 14,93 1,94 1,95 1,96 2,101 1,108 1,109 1,110 1,112 1,133 1,134 1,135 1,138 1,150 1,151 1,154 1,155 2,156 1,159 1,163 3,167 1,168 2,169 2,173 1,189 1,191 2,196 2,203 1,206 1,207 2,210 2,211 1,213 1,214 1,220 1,226 1,229 1,231 1,245 2,253 1,255 2,256 2,260 
93 1,2 1,3 8,4 4,5 10,6 3,7 6,8 2,9 1,10 1,11 1,13 2,22 1,32 4,44 1,47 1,50 12,51 1,72 1,73 2,74 1,78 6,82 2,83 5,84 1,85 21,86 8,87 11,88 4,89 1,90 14,92 1,100 2,101 1,108 2,110 3,111 1,113 5,114 2,120 1,123 1,130 1,131 1,133 1,139 1,143 1,149 1,150 2,151 1,159 1,163 1,168 2,170 1,173 1,196 2,203 2,205 1,207 1,210 2,213 1,220 1,221 1,228 2,229 1,231 2,247 1,248 1,249 1,250 1,252 1,253 1,255 2,256 1,259 1,260 
94 58,11 1,12 1,22 1,25 8,28 1,33 1,35 1,38 2,41 1,44 2,45 25,50 3,53 3,65 1,68 18,70 1,72 5,80 6,81 1,82 1,83 1,84 1,92 1,95 1,96 4,101 1,103 1,106 1,109 1,110 8,115 7,120 10,121 5,122 1,123 2,124 1,127 7,129 2,130 1,132 13,139 1,147 18,153 69,154 2,156 1,157 1,163 2,168 1,170 3,172 1,173 8,174 4,175 1,184 7,187 32,188 59,192 17,193 1,194 17,201 1,204 1,210 48,214 59,215 8,216 2,218 3,219 7,220 2,233 1,234 9,245 41,246 1,247 11,256 
95 22,11 1,12 1,13 1,14 2,27 6,28 1,30 1,38 1,46 1,49 5,50 3,53 8,70 1,71 6,72 1,73 1,75 1,77 1,78 2,80 1,81 1,82 1,92 1,94 2,98 1,99 1,100 1,103 1,107 1,108 1,109 7,115 10,120 4,121 2,122 2,123 4,129 4,130 7,139 15,153 25,154 1,155 1,160 1,161 1,173 3,174 2,175 2,176 1,183 10,187 16,188 1,189 30,192 19,193 1,196 1,201 1,203 1,204 1,205 40,214 29,215 2,216 2,218 3,220 1,221 1,226 2,233 3,234 2,235 1,245 20,246 2,247 6,256 2,257 2,260 
96 44,11 1,13 3,25 2,27 13,28 1,30 1,43 1,44 20,50 1,52 5,53 3,65 1,69 18,70 16,72 4,80 4,81 1,92 1,94 1,97 1,98 4,99 1,100 1,101 5,103 1,105 1,106 1,107 2,108 2,109 2,110 18,115 7,120 5,121 1,122 1,123 1,124 1,125 2,126 2,129 11,139 25,153 65,154 1,155 1,156 1,159 2,173 4,174 2,175 1,176 5,184 25,188 44,192 16,193 1,194 18,201 1,204 1,205 1,209 1,211 55,214 56,215 6,216 1,218 1,219 7,220 2,221 1,222 2,224 1,226 1,227 3,230 4,233 5,234 1,235 15,245 53,246 2,248 6,256 1,259 
97 1,14 1,16 1,19 1,38 1,43 1,71 2,79 1,96 6,99 6,100 3,101 2,102 4,103 2,104 1,106 1,107 4,108 9,109 1,123 1,124 1,129 1,130 1,156 2,157 1,165 2,168 1,182 1,192 3,194 1,216 1,218 1,220 
98 1,14 1,19 1,42 2,43 1,44 3,46 1,49 2,50 1,51 4,71 1,79 2,95 1,96 2,99 1,100 4,101 6,102 6,103 3,105 3,106 1,107 5,108 8,109 1,124 1,129 1,153 2,154 1,155 1,157 1,159 1,161 2,163 3,168 1,169 1,170 1,171 1,176 1,188 2,194 1,196 1,199 1,201 1,202 2,203 1,204 1,210 4,214 1,216 1,218 1,219 2,220 2,221 1,222 1,224 3,226 1,227 2,230 1,231 1,246 1,247 1,251 1,256 
99 1,11 2,12 2,15 1,19 1,25 1,38 1,43 2,44 2,45 1,46 2,47 1,49 1,50 1,63 5,68 1,69 8,71 3,79 1,80 1,95 4,96 6,97 2,98 2,100 11,101 7,102 38,103 2,104 1,105 8,106 3,107 11,108 27,109 2,110 1,111 1,115 1,116 1,117 1,121 4,123 6,124 1,125 2,126 2,132 1,133 2,140 1,141 1,151 2,153 4,154 11,155 10,156 9,157 1,162 2,163 2,165 7,167 6,168 1,170 1,171 1,175 1,176 1,180 1,184 2,187 2,188 1,189 1,192 2,194 2,195 1,196 1,199 1,208 2,210 1,212 3,214 3,215 14,216 5,218 9,219 24,220 1,245 1,246 5,247 3,248 2,253 2,255 1,256 1,257 1,258 5,260 
100 1,6 1,11 3,12 3,13 3,14 1,15 1,18 1,19 1,47 1,50 1,66 3,79 1,93 1,95 1,96 6,97 1,98 2,99 3,101 4,102 12,103 1,104 1,105 1,106 1,107 8,108 3,109 1,124 1,125 1,128 1,132 1,156 1,157 1,158 1,164 1,165 1,167 1,171 1,187 1,190 1,191 1,194 1,197 1,198 1,199 1,215 1,218 2,220 1,221 1,222 2,224 2,226 1,227 1,256 1,258 1,260 
101 1,2 1,3 2,6 2,12 1,13 1,14 1,27 1,38 1,42 4,44 3,46 2,47 1,50 3,68 4,71 2,73 1,74 2,79 2,92 2,93 4,94 1,96 3,97 4,98 11,99 3,100 2,102 26,103 1,104 2,105 2,106 4,107 10,108 16,109 2,110 1,111 1,113 1,121 1,124 1,126 1,139 3,140 2,141 2,144 2,147 1,150 1,151 1,153 1,154 8,155 13,156 3,157 5,158 3,159 1,160 2,161 2,162 1,163 2,165 1,167 5,168 1,169 1,171 1,175 1,176 2,180 1,182 2,188 1,189 1,191 1,192 2,196 1,201 1,202 1,206 1,208 4,214 1,215 3,216 1,217 3,218 1,219 2,220 3,221 2,222 2,224 3,226 1,228 5,230 5,231 4,247 2,248 1,251 1,253 1,254 1,255 3,260 
102 1,19 1,46 1,50 1,51 2,66 2,71 1,79 2,97 6,98 7,99 4,100 2,101 2,104 3,106 1,107 2,108 5,109 1,123 1,124 1,125 2,155 2,156 1,158 1,159 1,161 2,164 1,165 1,168 1,198 1,199 1,202 1,203 1,204 2,214 1,216 1,218 2,219 2,220 1,222 1,224 1,227 1,228 2,230 3,260 
103 1,2 2,11 2,12 3,13 3,14 1,15 3,19 1,25 1,27 1,28 1,29 2,30 1,42 3,43 4,44 1,46 3,47 1,49 1,53 1,65 5,68 10,71 2,72 1,79 1,94 1,95 5,96 4,97 6,98 38,99 12,100 26,101 9,104 8,105 6,106 9,107 24,108 41,109 2,110 1,111 1,113 1,114 2,122 4,123 3,124 1,125 1,126 2,127 1,128 1,130 2,132 1,133 2,134 1,136 2,139 2,140 2,141 1,143 4,144 3,147 1,151 2,153 3,154 11,155 15,156 13,157 3,158 2,159 2,160 2,161 1,163 1,165 8,167 7,168 1,169 1,171 1,173 1,176 1,177 2,182 2,184 2,187 2,189 2,190 2,191 2,192 2,193 3,195 1,196 2,201 2,202 1,203 3,204 3,205 1,208 1,209 2,210 1,211 1,212 2,214 4,215 15,216 1,217 1,218 8,219 25,220 4,221 2,222 2,224 4,226 1,229 2,245 2,246 6,247 4,248 1,249 1,250 2,251 4,253 1,254 1,256 1,257 3,258 3,260 
104 1,11 1,19 1,42 1,45 3,47 1,49 1,66 1,69 2,97 2,99 1,100 1,101 2,102 9,103 1,105 2,106 5,107 10,108 7,109 3,144 1,153 1,155 3,159 3,164 2,167 1,168 1,171 2,220 1,221 1,222 1,224 1,226 1,230 1,247 1,253 1,256 1,260 
105 1,2 1,14 1,27 1,45 1,46 1,47 1,50 1,68 1,70 1,72 1,96 3,98 1,99 1,100 2,101 8,103 1,104 1,106 5,107 11,108 5,109 1,111 1,125 1,126 1,151 1,155 1,156 1,158 3,159 4,162 3,163 1,164 1,165 2,167 1,168 1,170 2,171 1,177 1,192 1,194 2,216 1,219 6,220 2,221 2,222 1,226 3,230 1,247 1,253 2,260 
106 1,11 1,12 1,14 2,15 1,42 1,44 1,46 1,68 2,71 1,79 1,94 1,96 1,97 3,98 8,99 1,100 2,101 3,102 6,103 2,104 1,105 2,107 2,108 4,109 1,123 1,129 1,147 2,155 3,156 1,158 1,159 1,160 2,162 2,163 2,167 1,188 2,189 1,192 2,194 2,198 1,201 1,204 2,216 1,217 1,219 2,220 1,227 1,230 1,247 1,260 
107 1,13 1,15 3,19 2,44 2,46 1,47 1,49 1,70 1,71 2,79 1,95 1,96 1,97 1,98 3,99 1,100 4,101 1,102 9,103 5,104 5,105 2,106 7,108 4,109 1,111 1,113 1,114 1,121 1,132 1,133 2,134 1,151 1,154 1,155 1,157 1,158 5,159 2,160 2,161 3,163 1,165 1,167 1,171 1,173 1,180 1,182 1,190 2,191 1,212 1,220 1,221 1,225 2,226 1,227 3,230 1,231 1,256 
108 1,2 1,6 2,12 2,14 1,17 1,19 1,22 2,30 2,38 3,43 1,44 1,45 8,46 2,47 1,52 1,63 1,65 3,69 4,71 1,72 3,79 1,92 1,93 1,95 2,96 4,97 5,98 11,99 8,100 10,101 2,102 24,103 10,104 11,105 2,106 7,107 22,109 1,123 2,124 1,125 2,127 1,129 1,133 1,140 1,142 2,143 3,144 1,147 1,153 3,155 2,156 3,157 1,158 8,159 4,160 3,161 4,162 2,163 9,164 4,165 2,167 1,168 7,171 1,180 1,182 1,187 1,190 2,191 4,194 1,196 1,199 1,212 1,214 4,216 2,219 8,220 6,221 4,222 2,223 6,224 5,226 4,227 1,229 5,230 1,246 1,250 1,251 4,253 1,255 3,256 2,260 
109 1,11 7,12 5,13 5,14 4,15 1,16 2,19 1,20 1,23 6,25 2,27 1,29 1,30 2,38 5,42 2,43 7,44 3,45 5,46 6,47 3,49 4,50 1,66 5,68 1,69 5,71 2,72 1,73 1,74 2,79 1,81 1,92 1,94 1,95 2,96 9,97 8,98 27,99 3,100 16,101 5,102 41,103 7,104 5,105 4,106 4,107 22,108 1,110 1,113 1,121 1,122 3,123 9,124 1,125 1,126 5,127 1,128 2,129 1,130 1,132 1,133 1,135 2,139 1,144 1,149 1,150 2,151 3,153 13,155 12,156 8,157 5,158 10,159 2,160 5,161 5,162 5,163 3,164 2,165 10,167 12,168 1,170 1,171 3,176 1,180 1,185 1,187 3,188 1,189 2,190 1,191 1,193 1,194 1,195 4,196 1,199 1,201 1,202 3,203 3,204 1,206 1,208 5,210 1,211 3,214 2,215 18,216 1,217 6,218 6,219 37,220 3,221 1,222 1,224 1,226 1,227 1,228 1,230 1,234 1,235 1,236 1,237 3,245 2,246 1,247 5,248 3,251 1,252 3,253 1,254 4,256 1,258 6,260 
110 1,2 1,3 2,12 4,13 1,14 2,15 3,22 2,25 3,27 3,28 2,29 6,30 2,31 1,32 2,33 2,34 27,38 3,39 1,40 1,41 2,42 29,44 1,45 5,50 6,51 3,53 1,54 2,55 1,57 1,64 1,66 3,72 2,73 2,75 1,76 1,80 1,81 4,82 4,83 2,84 1,92 2,93 1,94 2,96 2,99 2,101 2,103 1,109 24,111 1,112 7,113 7,114 16,115 8,116 7,117 1,118 1,123 1,132 2,133 9,139 6,140 2,141 5,142 1,143 5,144 1,150 2,156 2,167 1,174 5,184 1,188 1,189 1,190 1,191 1,192 1,193 2,196 2,201 5,203 5,204 1,206 2,210 2,214 1,215 5,216 1,217 2,219 7,220 1,245 1,246 1,247 1,248 1,251 2,255 1,260 
111 1,2 1,4 1,12 1,13 1,15 1,19 1,23 1,25 3,27 1,29 8,31 1,34 1,37 17,38 5,40 3,41 2,42 8,44 1,50 4,51 2,53 1,55 1,57 1,66 2,72 2,73 1,75 1,76 2,82 1,83 1,84 2,86 2,87 1,89 3,93 1,99 1,101 1,103 1,105 1,107 24,110 1,112 19,113 12,114 5,115 11,116 4,117 3,118 1,120 1,123 1,133 4,140 7,141 1,142 9,143 6,144 2,145 1,147 2,148 1,149 3,150 4,151 1,156 1,163 1,164 5,184 1,189 1,190 1,192 1,193 1,204 1,206 1,208 1,210 1,211 1,212 2,214 3,215 1,220 1,230 1,234 1,246 2,255 2,256 3,260 
112 3,31 1,39 1,40 1,42 2,44 1,46 1,72 1,80 1,83 1,92 1,110 1,111 3,113 4,114 2,115 1,117 1,140 1,142 1,151 1,193 1,196 1,200 
113 1,2 2,4 2,5 1,7 7,8 3,9 5,10 1,19 1,23 1,25 1,38 1,40 1,41 3,42 2,44 2,46 2,51 1,53 1,68 2,72 1,80 1,87 1,88 1,89 1,93 1,101 1,103 1,107 1,109 7,110 19,111 3,112 8,114 3,115 1,130 1,140 2,143 2,144 1,147 1,149 1,150 5,151 1,160 1,163 1,164 1,171 1,188 1,189 1,190 1,191 1,193 1,195 1,203 2,204 1,206 1,208 1,209 1,210 1,211 1,213 1,215 1,219 2,260 
114 1,2 1,14 1,18 1,19 1,22 3,23 1,25 1,27 4,31 1,38 3,40 1,42 4,44 1,50 6,51 1,69 1,72 1,82 1,83 1,86 1,88 5,93 1,103 1,107 7,110 12,111 4,112 8,113 3,115 3,119 1,120 1,139 1,144 1,149 1,150 1,155 1,167 1,188 1,189 1,191 1,203 1,204 2,206 1,208 1,212 1,213 2,216 2,220 1,251 1,252 1,256 
115 1,2 2,3 66,11 1,12 1,14 3,15 1,19 1,22 24,27 96,28 1,29 3,30 1,31 1,34 8,38 1,42 10,44 46,50 2,51 11,52 76,53 2,54 1,55 1,59 2,64 1,65 26,72 1,73 1,75 6,80 20,81 2,82 2,83 1,84 8,94 7,95 18,96 1,99 16,110 5,111 2,112 3,113 3,114 7,116 1,118 6,120 1,122 3,129 4,130 1,131 112,139 6,140 2,141 2,142 1,143 4,144 1,145 1,146 1,147 1,148 1,151 12,153 23,154 1,160 1,167 1,171 1,172 8,173 14,174 1,180 46,184 1,185 1,187 40,188 1,190 23,192 17,193 13,201 2,203 1,204 2,205 36,214 39,215 3,216 1,217 1,218 1,220 1,223 1,224 6,233 19,234 1,243 8,245 31,246 1,247 1,251 1,252 1,255 11,256 1,257 2,260 
116 1,2 1,12 5,15 1,16 1,22 1,23 3,27 4,28 6,29 22,30 7,31 1,33 1,34 1,35 2,37 50,38 4,39 2,40 1,41 6,44 1,50 5,53 4,55 1,57 6,63 2,72 2,73 2,74 2,81 1,82 2,83 1,99 8,110 11,111 7,115 26,117 5,139 10,140 1,141 2,142 1,143 2,144 1,148 2,174 3,176 3,180 7,184 1,189 1,192 4,214 3,215 1,220 2,233 3,234 1,236 1,237 1,255 1,256 
117 1,2 1,12 1,15 1,25 2,27 12,30 3,31 1,33 27,38 1,40 1,44 1,51 3,52 2,53 1,54 6,55 3,56 1,57 3,58 1,59 8,63 1,72 1,73 1,75 1,81 2,82 1,83 1,84 1,99 7,110 4,111 1,112 26,116 1,118 1,131 3,139 6,140 2,141 4,142 1,143 1,150 3,174 5,176 3,182 1,183 5,184 1,188 1,215 1,233 4,234 3,236 5,237 3,238 3,239 1,260 
118 3,31 2,38 1,54 1,55 2,56 2,57 2,58 1,64 1,110 3,111 1,115 1,117 1,141 1,176 1,180 1,182 1,215 1,236 1,237 1,238 2,239 
119 2,31 1,39 1,40 1,75 3,114 1,152 
120 1,6 9,11 1,12 1,13 1,27 4,28 1,44 3,50 1,53 5,70 4,72 3,80 4,81 1,82 1,86 2,88 1,89 2,93 7,94 10,95 7,96 1,111 1,114 6,115 3,129 1,130 5,139 1,144 6,153 16,154 1,157 2,168 4,174 5,175 1,178 1,184 4,187 7,188 9,192 7,193 5,201 1,203 1,204 18,214 21,215 2,234 5,245 16,246 1,256 2,257 
121 15,11 1,13 2,14 1,27 2,28 1,30 1,38 5,50 7,70 5,72 2,80 10,94 4,95 5,96 1,99 1,101 1,107 1,109 2,123 3,127 4,129 3,130 1,133 3,139 1,153 6,154 6,174 3,175 9,187 6,188 3,192 2,193 13,214 24,215 1,216 4,220 1,221 1,235 6,245 7,246 1,253 10,256 1,258 
122 6,11 1,28 1,50 1,52 1,53 1,70 5,94 2,95 1,96 2,103 1,109 1,115 2,123 4,129 1,130 1,132 1,139 4,153 4,154 2,172 5,187 1,188 4,192 2,193 1,201 9,214 6,215 1,220 1,245 6,246 1,247 6,256 2,258 1,260 
123 1,2 2,3 1,6 1,11 1,12 4,14 1,19 1,29 1,30 1,38 1,42 3,44 1,47 1,69 1,73 1,78 1,84 1,93 1,94 2,95 1,96 1,97 4,99 1,102 4,103 1,106 1,108 3,109 1,110 1,111 2,121 2,122 12,124 1,125 7,126 15,127 2,129 2,130 1,132 1,135 1,140 1,154 1,155 2,156 2,157 3,167 2,168 1,175 1,176 1,177 3,180 1,182 2,183 4,187 1,188 1,195 1,204 2,210 2,214 3,215 3,216 1,217 1,218 8,220 1,223 1,224 1,233 1,236 1,237 2,246 1,247 1,256 1,257 5,258 5,260 
124 1,14 1,22 1,30 1,45 1,50 1,51 1,71 2,94 1,96 1,97 1,98 6,99 1,100 1,101 1,102 3,103 2,108 9,109 12,123 6,125 10,126 18,127 5,128 1,130 1,155 1,156 2,167 2,168 1,180 1,183 1,184 1,187 1,189 1,191 1,206 1,212 3,215 1,216 1,217 7,220 2,249 4,256 1,257 2,258 2,260 
125 1,43 1,96 1,99 1,100 1,102 1,103 1,105 1,108 1,109 1,123 6,124 3,126 4,127 2,128 1,161 1,162 1,215 2,220 1,249 
126 1,19 1,30 1,43 1,45 1,47 1,49 1,69 2,96 2,99 1,101 1,103 1,105 1,109 7,123 10,124 3,125 6,127 6,128 1,135 1,140 1,167 2,168 1,182 1,183 1,184 1,185 2,187 2,188 1,194 1,199 1,204 1,206 1,209 1,215 1,216 1,218 4,220 1,221 1,223 1,224 1,226 2,230 1,231 1,253 5,256 1,257 1,258 1,260 
127 1,12 3,14 1,25 1,29 2,30 2,38 1,42 2,44 1,45 1,46 1,47 1,73 1,77 1,78 1,79 1,81 1,82 1,83 1,84 1,94 2,103 2,108 5,109 3,121 15,123 18,124 4,125 6,126 2,128 1,154 2,155 1,156 2,157 1,167 3,168 3,180 1,182 1,187 3,188 3,189 2,191 1,199 1,201 1,204 1,206 1,209 1,212 3,214 2,215 1,216 1,217 11,220 1,221 1,222 1,223 1,224 1,245 1,249 1,253 2,256 1,257 1,258 3,260 
128 1,14 1,22 1,30 1,50 1,51 1,78 1,81 1,100 1,103 1,109 5,124 2,125 6,126 2,127 1,141 1,143 1,149 1,150 1,184 1,187 1,215 2,220 1,226 2,230 1,253 3,256 1,258 1,260 
129 1,2 1,3 1,5 14,11 1,13 1,15 3,50 1,63 1,65 1,70 3,72 1,75 3,80 1,81 1,82 1,84 7,94 4,95 2,96 1,97 1,98 1,106 1,108 2,109 3,115 3,120 4,121 4,122 2,123 1,132 1,133 1,139 1,151 6,153 4,154 1,155 1,156 1,174 1,175 1,182 1,183 5,187 5,188 3,192 5,193 1,194 3,201 1,204 1,210 12,214 5,215 1,220 1,233 1,235 1,237 1,238 8,246 4,256 2,257 
130 1,2 1,3 4,11 1,14 1,28 1,40 1,46 3,50 1,52 4,53 1,72 1,83 1,93 2,94 4,95 1,97 1,103 1,109 1,113 4,115 1,120 3,121 1,122 2,123 1,124 1,131 1,132 3,133 2,139 2,154 1,165 1,171 1,173 1,176 2,187 1,188 1,189 1,190 3,192 1,203 1,214 1,216 1,217 1,220 1,228 1,231 1,233 1,246 2,256 
131 1,52 1,55 1,93 1,115 1,117 1,130 1,133 1,139 1,140 1,142 1,214 1,228 1,231 1,246 1,258 
132 2,11 3,14 2,15 1,20 1,25 1,27 1,28 1,49 1,53 1,66 1,68 1,73 1,76 1,80 1,94 2,99 1,100 2,103 1,107 1,109 1,110 1,122 1,123 1,129 1,130 5,133 2,134 1,135 1,154 1,155 1,157 1,168 2,173 1,188 1,191 2,192 1,214 2,215 1,220 1,234 1,256 
133 1,2 2,11 1,15 1,25 1,44 1,45 2,46 1,47 1,49 1,65 2,66 1,73 1,76 1,80 1,90 1,91 1,92 1,93 1,99 1,103 1,107 1,108 1,109 2,110 1,111 1,121 1,129 3,130 1,131 5,132 1,134 1,144 2,154 1,156 1,162 1,165 1,167 1,168 1,171 1,191 1,192 1,214 1,228 1,230 2,231 1,234 1,248 1,252 1,256 
134 1,14 1,22 1,51 1,89 1,92 2,103 2,107 2,132 1,133 1,135 1,136 1,173 1,215 1,246 1,256 
135 1,14 1,19 1,44 1,68 1,92 1,109 1,123 1,126 1,132 1,134 1,136 1,138 1,140 1,151 1,156 1,161 1,190 1,252 1,253 2,256 
136 1,22 1,51 1,103 1,134 1,135 
137 1,80 1,81 1,153 1,174 1,192 1,193 1,245 1,246 
138 1,72 1,81 1,92 1,135 1,156 1,193 1,246 1,256 
139 47,11 1,14 1,19 1,25 14,27 44,28 1,29 3,30 1,35 4,38 7,44 1,45 32,50 1,51 5,52 28,53 1,68 1,70 14,72 1,75 1,77 4,80 14,81 1,82 1,83 1,93 13,94 7,95 11,96 1,101 2,103 2,109 9,110 1,114 112,115 5,116 3,117 5,120 3,121 1,122 1,129 2,130 1,131 8,140 4,141 1,142 5,144 18,153 26,154 1,155 1,167 1,168 2,172 3,173 7,174 1,175 1,180 1,183 26,184 3,187 24,188 20,192 13,193 12,201 1,203 1,204 1,213 32,214 37,215 1,220 5,233 10,234 3,245 25,246 3,247 1,248 2,251 1,252 8,256 1,257 
140 1,12 4,13 2,15 2,19 2,25 1,27 2,28 1,29 2,30 1,32 14,38 1,41 1,43 8,44 1,51 1,52 1,53 1,55 1,60 1,68 2,72 2,73 3,74 1,75 1,77 3,82 4,83 1,84 2,85 2,99 3,101 2,103 1,108 6,110 4,111 1,112 1,113 6,115 10,116 6,117 1,123 1,126 1,131 1,135 8,139 18,141 16,142 11,144 2,145 1,146 10,147 1,148 3,149 5,150 9,151 1,152 1,153 2,154 1,156 1,157 1,159 1,165 1,167 3,168 2,176 2,180 1,182 5,184 2,188 2,189 1,190 1,193 1,194 1,196 1,201 3,203 1,209 1,214 2,215 1,216 3,220 1,227 1,230 1,245 1,249 1,260 
141 1,17 1,18 1,35 5,38 3,40 3,44 1,51 1,68 1,73 1,74 1,78 2,82 2,83 2,85 1,99 2,101 2,103 2,110 7,111 2,115 1,116 2,117 1,118 1,128 4,139 18,140 5,142 10,143 2,144 2,146 4,147 1,148 2,149 2,150 2,151 2,152 1,159 1,165 1,168 1,176 1,180 2,188 1,201 1,203 1,215 1,220 1,230 1,260 
142 1,11 2,13 2,15 1,19 4,30 1,32 8,38 3,44 1,52 1,55 1,74 1,108 5,110 1,111 1,112 2,115 2,116 4,117 1,131 1,139 16,140 5,141 4,143 2,144 1,145 1,146 1,149 3,151 1,153 1,157 1,159 1,165 1,168 1,176 1,184 1,189 2,193 1,215 1,220 1,234 1,260 
143 1,17 2,18 1,20 1,25 1,29 2,30 2,31 2,32 1,39 4,40 1,41 1,44 3,46 1,71 1,76 3,78 1,80 1,81 1,83 1,85 1,90 1,93 1,103 2,108 1,110 9,111 2,113 1,115 1,116 1,117 1,128 10,141 4,142 15,144 4,145 2,146 4,147 7,148 5,149 7,150 20,151 3,152 1,159 1,161 2,168 1,174 1,180 1,182 1,184 1,189 1,191 1,210 1,212 1,219 1,220 1,221 1,226 1,230 2,231 1,246 1,253 
144 1,6 2,13 1,18 1,19 1,25 1,30 1,32 1,35 1,37 6,38 1,40 1,41 4,44 1,45 3,46 4,72 2,74 1,78 2,83 1,84 1,89 1,90 2,101 4,103 3,104 3,108 1,109 5,110 6,111 2,113 1,114 4,115 2,116 1,120 1,133 5,139 11,140 2,141 2,142 15,143 7,147 1,148 5,149 4,150 18,151 1,152 3,156 1,157 1,158 2,159 1,163 1,164 1,167 3,168 1,169 1,174 1,176 1,180 1,182 2,184 1,194 1,196 2,214 1,215 3,216 1,219 7,220 2,221 1,226 2,227 1,229 1,230 1,246 1,247 1,249 1,251 2,253 1,257 
145 1,27 1,41 2,44 1,72 2,111 1,115 2,140 1,142 4,143 5,146 7,148 1,150 1,174 1,182 1,183 1,210 1,214 1,232 1,237 1,238 1,245 
146 1,17 1,18 1,27 1,44 1,72 1,115 1,140 2,141 1,142 2,143 5,145 2,148 1,152 1,174 1,232 
147 2,12 2,13 1,18 1,25 1,29 1,68 1,72 1,73 1,74 2,83 1,94 2,101 3,103 1,106 1,108 1,111 1,113 1,115 10,140 4,141 4,143 7,144 1,150 8,151 1,156 1,159 1,168 1,182 1,184 1,188 1,201 1,203 1,204 1,212 1,214 1,216 2,220 1,221 1,224 1,226 3,227 1,229 2,230 
148 2,40 1,44 2,111 1,115 1,116 1,140 1,141 7,143 1,144 7,145 2,146 1,149 1,150 1,151 1,174 1,180 1,182 1,210 
149 1,32 1,51 1,93 1,109 1,111 1,113 1,114 1,128 3,140 2,141 1,142 5,143 5,144 1,148 3,150 4,151 1,154 1,167 1,174 1,182 1,190 1,209 
150 1,4 1,6 1,20 1,42 1,43 2,44 1,68 1,71 1,85 1,92 1,93 1,101 1,109 1,110 3,111 1,113 1,114 1,117 1,128 5,140 2,141 7,143 4,144 1,145 1,147 1,148 3,149 11,151 1,153 1,154 1,156 1,159 1,160 1,161 1,163 1,167 2,169 1,176 1,190 1,203 1,212 1,221 1,230 2,231 1,234 1,253 1,258 
151 1,4 1,5 1,8 1,9 1,10 1,13 1,15 1,18 1,19 1,29 1,39 1,41 4,46 1,63 2,74 1,78 1,81 1,82 2,83 1,84 1,85 1,87 1,89 1,90 1,92 2,93 1,99 1,101 1,103 1,105 1,107 2,109 4,111 1,112 5,113 1,115 1,129 1,135 9,140 2,141 3,142 20,143 18,144 8,147 1,148 4,149 11,150 1,152 1,153 1,154 2,156 1,158 1,159 1,161 1,163 1,167 4,168 1,184 1,212 1,214 1,219 4,220 1,221 3,230 2,231 1,234 2,253 
152 1,75 2,78 1,119 1,140 2,141 3,143 1,144 1,146 1,151 
153 28,11 1,12 2,13 4,27 2,28 1,46 22,50 2,65 2,68 2,70 12,72 6,80 13,81 18,94 15,95 25,96 1,98 2,99 1,101 2,103 1,104 1,108 3,109 12,115 6,120 1,121 4,122 6,129 1,137 18,139 1,140 1,142 1,150 1,151 3,154 1,160 1,164 1,165 1,168 2,172 7,173 2,174 1,175 2,181 4,184 3,187 37,188 1,189 23,192 12,193 30,201 48,214 30,215 3,220 3,234 1,235 14,245 42,246 5,256 1,260 
154 111,11 1,12 1,13 13,28 2,44 37,50 5,53 8,65 1,66 2,68 16,70 17,72 11,80 17,81 1,84 1,88 1,92 69,94 25,95 65,96 2,98 4,99 1,101 3,103 1,107 23,115 16,120 6,121 4,122 1,123 1,127 4,129 2,130 1,132 2,133 26,139 2,140 1,149 1,150 1,151 3,153 2,167 1,168 1,170 4,172 5,173 4,174 5,175 1,178 1,182 8,187 40,188 76,192 24,193 1,194 2,195 1,199 50,201 1,203 1,210 68,214 78,215 7,216 3,218 1,219 7,220 2,233 6,234 2,235 16,245 64,246 1,247 2,248 1,249 1,250 14,256 1,259 1,260 1,261 
155 2,12 3,13 1,14 2,15 1,17 2,25 1,29 1,30 1,38 1,42 1,45 2,46 3,47 1,49 1,50 1,65 7,68 1,69 3,71 1,72 1,92 1,95 1,96 1,98 11,99 8,101 2,102 11,103 1,104 1,105 2,106 1,107 3,108 13,109 1,114 1,123 1,124 2,127 1,129 1,132 1,139 20,156 12,157 1,159 4,160 1,161 1,163 1,164 12,167 7,168 3,169 1,180 1,184 1,187 1,189 1,191 2,196 1,202 3,203 3,204 1,207 3,210 1,211 3,214 4,215 5,216 1,218 2,219 10,220 1,230 1,246 4,247 3,248 1,251 3,260 
156 1,2 1,6 1,11 2,12 2,13 1,14 1,18 2,25 1,29 1,30 1,38 2,42 1,43 2,44 2,47 2,49 1,50 1,51 1,66 6,68 2,72 2,74 1,80 1,82 2,83 1,84 1,88 2,92 2,94 1,96 1,97 10,99 1,100 13,101 2,102 15,103 1,105 3,106 2,108 12,109 2,110 1,111 2,123 1,124 1,127 1,129 1,133 1,135 1,138 1,140 3,144 1,147 1,150 2,151 20,155 9,157 2,158 2,159 1,160 1,161 1,162 1,163 2,164 2,165 19,167 17,168 1,169 1,171 1,172 1,173 1,184 2,190 1,194 1,195 3,196 6,201 5,202 9,203 12,204 4,205 6,210 1,211 1,212 4,214 4,215 6,216 1,217 1,218 3,219 15,220 1,221 2,222 3,224 3,226 1,229 3,230 2,246 5,247 4,248 1,249 1,253 1,255 2,256 1,258 8,260 
157 1,11 5,12 6,13 1,15 2,19 1,22 1,25 2,43 3,45 1,46 1,51 1,66 5,68 1,71 2,72 1,74 1,81 1,94 2,97 1,98 9,99 1,100 3,101 13,103 1,107 3,108 8,109 1,120 2,123 2,127 1,132 1,140 1,142 1,144 12,155 9,156 1,160 1,162 1,166 5,167 9,168 1,170 1,173 1,187 2,188 1,189 1,190 1,191 2,194 3,196 2,199 1,201 2,202 1,203 2,204 4,210 1,214 1,215 2,216 2,219 3,220 1,245 3,247 
158 1,12 1,18 1,19 2,43 1,45 5,46 1,49 2,66 2,68 2,69 4,72 1,85 1,100 5,101 1,102 3,103 1,105 1,106 1,107 1,108 5,109 1,144 1,151 2,156 9,159 6,160 5,161 1,162 8,163 4,164 1,165 2,168 1,169 2,171 1,182 1,183 1,190 1,191 1,192 1,201 2,205 1,207 1,211 1,212 1,214 2,220 1,226 3,227 3,230 1,247 2,255 1,256 1,260 
159 1,6 1,12 1,13 1,15 1,19 1,23 1,43 6,46 1,47 1,66 5,69 1,71 2,72 1,84 2,86 2,87 1,92 1,93 1,96 1,98 3,101 1,102 2,103 3,104 3,105 1,106 5,107 8,108 10,109 1,140 1,141 1,142 1,143 2,144 1,147 1,150 1,151 1,155 2,156 9,158 11,160 6,161 7,162 10,163 4,164 4,165 1,166 1,168 4,169 1,170 1,189 1,190 1,191 1,195 2,205 3,206 1,207 3,208 1,210 2,211 8,212 1,219 3,220 1,223 1,224 1,230 1,250 1,251 1,255 1,256 1,260 
160 1,11 2,12 1,17 1,19 1,25 1,43 5,46 1,47 1,66 1,68 2,69 1,89 1,95 1,101 2,103 1,106 2,107 4,108 2,109 1,113 1,115 1,150 1,153 4,155 1,156 1,157 6,158 11,159 5,161 2,162 5,163 5,164 3,165 1,168 2,169 1,171 1,190 1,194 1,195 1,197 1,203 1,204 4,206 2,207 2,208 2,209 1,210 1,211 4,212 3,220 1,221 1,230 1,249 1,255 1,256 1,260 1,261 
161 1,11 1,19 2,42 3,46 1,66 1,69 2,71 1,73 2,74 1,95 1,98 2,101 1,102 2,103 2,107 3,108 5,109 1,125 1,135 1,143 1,150 1,151 1,155 1,156 5,158 6,159 5,160 6,162 1,163 3,164 3,165 2,166 2,168 2,169 2,170 1,203 1,204 1,205 2,206 2,208 1,209 1,210 1,211 1,212 1,216 1,217 3,220 1,221 1,222 2,226 3,230 3,231 
162 2,19 1,42 6,46 1,47 1,65 2,68 4,69 1,74 1,99 2,101 4,105 2,106 4,108 5,109 1,125 1,133 1,156 1,157 1,158 7,159 2,160 6,161 9,163 3,165 2,168 2,170 2,194 1,196 1,203 1,205 1,208 1,209 2,212 1,213 1,220 1,221 1,223 1,224 1,226 3,230 1,231 
163 1,11 2,13 1,15 1,16 1,17 2,18 3,19 1,25 5,46 1,47 1,49 2,66 1,68 3,69 2,71 1,82 1,83 2,84 1,92 1,93 1,94 2,98 2,99 1,101 1,103 3,105 2,106 3,107 2,108 5,109 1,111 1,113 1,144 1,150 1,151 1,155 1,156 8,158 10,159 5,160 1,161 9,162 8,164 2,165 2,167 2,168 3,169 3,170 1,171 1,192 2,194 1,196 1,197 2,205 1,206 2,207 4,212 1,213 2,220 1,221 1,226 1,227 1,234 1,253 1,256 
164 1,19 3,46 1,49 1,51 1,66 1,69 1,71 1,100 2,102 3,104 1,105 9,108 3,109 1,111 1,113 1,144 1,153 1,155 2,156 4,158 4,159 5,160 3,161 8,163 3,165 1,168 1,169 3,170 3,171 1,190 2,191 1,196 1,206 1,207 1,211 2,212 1,213 1,219 2,220 1,221 1,222 1,226 1,230 1,255 2,260 
165 1,12 1,42 5,46 1,69 2,71 1,79 1,97 2,99 1,100 2,101 1,102 1,103 1,105 1,107 4,108 2,109 1,130 1,133 1,140 1,141 1,142 1,153 2,156 1,158 4,159 3,160 3,161 3,162 2,163 3,164 1,170 2,171 2,194 1,196 1,207 1,210 1,220 1,226 1,230 
166 1,36 2,46 1,57 1,64 1,71 1,157 1,159 2,161 1,170 1,189 1,191 1,204 1,205 1,208 1,212 1,217 1,231 
167 3,2 3,3 1,4 1,6 1,8 2,12 1,13 2,14 2,22 3,25 1,29 1,30 4,42 1,43 4,44 5,45 1,46 1,49 1,50 2,51 1,65 4,68 1,69 1,71 4,72 2,81 1,82 1,83 3,84 1,86 1,88 3,92 7,99 1,100 1,101 8,103 2,104 2,105 2,106 1,107 2,108 10,109 2,110 1,114 1,115 3,123 2,124 1,126 1,127 1,133 1,139 1,140 1,144 1,149 1,150 1,151 2,154 12,155 19,156 5,157 2,163 2,168 2,169 1,170 1,176 2,187 2,188 1,189 3,190 1,191 1,194 1,196 5,201 2,202 8,203 4,204 2,205 1,211 5,214 1,215 5,216 1,217 1,219 10,220 1,234 1,246 1,247 3,248 1,251 1,252 1,253 1,256 2,260 
168 3,11 3,12 3,13 4,14 2,15 1,18 1,22 2,25 4,42 5,44 5,45 4,46 1,47 1,49 2,51 1,66 7,68 2,71 1,74 1,81 1,82 2,83 2,84 1,92 1,93 2,94 2,97 3,98 6,99 5,101 1,102 7,103 1,104 1,105 1,108 12,109 2,120 2,123 2,124 2,126 3,127 1,132 1,133 1,139 3,140 1,141 1,142 2,143 3,144 1,147 4,151 1,153 1,154 7,155 17,156 9,157 2,158 1,159 1,160 2,161 2,162 2,163 1,164 2,167 1,169 1,170 1,180 1,184 3,188 1,189 3,190 2,196 1,202 4,203 5,204 2,210 2,212 5,214 3,215 7,216 1,219 17,220 2,221 2,226 1,227 2,231 2,245 3,246 4,247 1,248 1,250 1,251 4,253 1,255 1,257 1,258 
169 1,6 2,19 4,46 1,49 1,68 2,69 1,84 1,86 2,92 1,98 1,101 1,103 1,144 2,150 3,155 1,156 1,158 4,159 2,160 2,161 3,163 1,164 2,167 1,168 2,170 1,171 2,206 2,207 1,209 1,211 1,212 2,220 1,230 1,250 1,251 
170 1,12 4,19 1,22 1,23 1,38 1,44 2,46 3,51 1,66 3,68 2,69 1,81 2,93 1,94 1,98 1,99 1,105 1,109 1,154 1,157 1,159 2,161 2,162 3,163 3,164 1,165 1,166 1,167 1,168 2,169 1,190 2,191 2,203 1,205 1,208 4,212 1,213 1,226 1,251 1,256 1,260 
171 1,29 1,30 1,37 1,41 2,46 1,49 1,50 2,69 1,72 1,98 1,99 1,100 1,101 1,103 1,104 2,105 1,107 7,108 1,109 1,113 1,115 1,130 1,133 1,156 2,158 1,160 1,163 3,164 2,165 1,169 1,189 1,190 2,191 1,206 1,207 1,247 1,248 1,252 2,253 
172 1,11 1,65 1,70 2,72 3,94 1,115 2,122 2,139 2,153 4,154 1,156 2,188 2,193 1,194 2,214 6,215 1,245 3,246 1,260 
173 6,11 2,27 9,28 3,29 1,30 1,44 4,52 12,53 1,55 1,62 1,63 12,72 1,73 2,74 2,78 13,80 23,81 3,82 1,83 1,86 2,92 1,93 1,94 1,95 2,96 1,103 1,107 8,115 1,130 2,132 1,134 3,139 7,153 5,154 1,156 1,157 1,175 2,181 2,188 7,192 5,193 16,201 1,204 4,214 5,215 2,216 1,217 1,219 2,220 4,233 2,234 1,245 15,246 1,256 
174 4,11 1,12 1,13 4,27 30,28 1,30 1,38 4,50 22,52 39,53 1,54 6,55 1,59 3,63 32,72 3,73 1,74 1,78 5,80 4,81 2,82 2,83 8,94 3,95 4,96 1,110 14,115 2,116 3,117 4,120 6,121 1,129 1,137 7,139 1,143 1,144 1,145 1,146 1,148 1,149 2,153 4,154 41,175 2,176 2,180 2,187 1,188 6,192 7,193 1,194 1,196 1,198 22,214 30,215 1,220 28,233 6,234 8,235 2,245 10,246 7,256 
175 2,27 4,28 1,29 1,30 1,38 2,50 1,52 2,53 2,54 2,55 1,63 21,72 5,73 1,75 1,78 3,80 3,81 1,82 1,83 3,84 1,86 1,87 1,88 1,89 1,91 4,94 2,95 2,96 1,99 1,101 5,120 3,121 1,123 1,129 1,139 1,153 5,154 1,173 41,174 9,176 1,177 5,180 3,182 2,187 3,193 1,196 10,214 19,215 1,216 2,220 8,233 4,234 7,235 2,236 2,237 1,238 1,239 3,245 5,246 3,256 
176 1,19 1,29 3,30 1,33 4,38 3,52 3,53 6,54 5,55 1,59 2,63 7,72 15,73 2,74 5,75 1,76 2,77 1,78 3,81 3,82 3,83 2,84 1,86 1,88 1,89 1,90 2,95 1,96 1,98 1,99 1,101 1,103 3,109 3,116 5,117 1,118 1,123 1,130 2,140 1,141 1,142 1,144 1,150 1,167 2,174 9,175 25,180 4,183 2,185 2,196 1,197 1,200 5,214 8,215 4,216 1,217 1,218 1,219 11,220 1,221 1,222 1,224 1,233 2,235 11,236 12,237 1,239 1,248 
177 1,14 1,72 1,78 1,103 1,105 1,123 1,175 1,180 2,182 3,183 1,215 2,236 2,237 1,238 
178 1,72 2,80 1,120 1,154 1,192 2,201 
179 1,183 1,240 1,241 1,243 
180 1,19 1,28 1,38 1,56 1,58 1,68 2,72 18,73 2,74 6,75 2,76 4,77 8,78 1,81 2,84 2,85 4,86 1,87 1,88 1,89 1,91 1,99 2,101 1,107 1,108 1,109 1,115 3,116 1,118 3,123 1,124 3,127 1,139 2,140 1,141 1,143 1,144 1,148 1,155 1,168 2,174 5,175 25,176 1,177 7,182 4,183 2,185 1,193 1,196 1,197 1,204 3,214 5,215 4,220 1,230 1,233 1,238 1,248 1,260 
181 2,80 2,153 2,173 1,245 1,246 
182 1,54 5,56 1,57 1,59 2,72 1,73 2,77 3,78 1,84 1,86 1,88 1,97 1,101 2,103 1,107 1,108 3,117 1,118 1,123 1,126 1,127 1,129 1,140 1,143 1,144 1,145 1,147 1,148 1,149 1,154 1,158 3,175 2,177 7,180 20,183 2,185 1,198 1,214 2,215 1,218 2,220 1,221 1,224 1,226 1,227 3,230 1,235 2,237 22,238 17,239 10,244 1,245 1,253 1,256 
183 2,14 1,29 2,31 1,36 1,52 2,54 1,55 2,56 3,57 1,58 2,59 2,72 2,73 1,78 1,95 1,117 2,123 1,124 1,126 1,129 1,139 1,145 1,158 4,176 3,177 1,179 4,180 20,182 2,185 1,193 1,215 1,218 3,220 1,221 1,226 3,230 1,233 1,235 1,236 1,237 6,238 4,239 1,244 1,253 
184 10,11 1,14 1,15 10,27 45,28 5,29 7,30 1,32 1,33 14,38 1,39 1,40 1,41 2,44 3,52 39,53 1,55 1,63 1,70 9,72 1,73 2,76 1,78 1,80 1,81 1,82 1,83 1,88 1,89 1,90 1,94 5,96 1,99 2,103 5,110 5,111 46,115 7,116 5,117 1,120 1,124 1,126 1,128 26,139 5,140 1,142 1,143 2,144 1,147 1,151 4,153 1,155 1,156 1,168 4,188 3,192 2,193 1,194 1,196 7,214 11,215 2,220 2,233 5,234 1,245 3,246 1,248 2,256 
185 2,44 1,73 1,109 1,115 1,126 2,176 2,180 2,182 2,183 1,200 1,215 1,230 1,240 1,242 1,243 
186 
187 8,11 1,12 1,13 2,14 1,18 1,28 2,50 3,70 5,72 1,81 7,94 10,95 2,99 1,100 2,103 1,108 1,109 1,115 4,120 9,121 5,122 4,123 1,124 2,126 1,127 1,128 5,129 2,130 3,139 3,153 8,154 1,155 1,157 2,167 2,174 2,175 5,188 5,192 2,193 10,214 14,215 3,216 3,220 1,234 1,235 5,246 9,256 4,258 1,260 
188 1,4 2,6 87,11 4,12 4,13 1,15 4,25 5,27 10,28 1,38 1,40 7,44 2,46 1,47 56,50 4,51 5,53 3,65 2,68 2,69 5,70 9,72 1,79 8,81 32,94 16,95 25,96 1,98 2,99 2,101 1,106 3,109 1,110 1,113 1,114 40,115 1,117 7,120 6,121 1,122 1,123 2,126 3,127 5,129 1,130 1,132 24,139 2,140 2,141 1,147 37,153 40,154 2,157 2,167 3,168 2,172 2,173 1,174 4,184 5,187 5,189 1,190 3,191 50,192 17,193 1,195 1,199 26,201 4,203 1,204 1,206 1,210 45,214 55,215 1,216 4,220 1,227 3,234 1,235 12,245 51,246 3,247 1,249 2,251 25,256 1,258 4,260 
189 1,11 2,12 1,13 1,14 1,18 3,25 2,38 5,44 1,46 2,50 4,51 2,68 2,82 1,87 1,92 1,95 1,99 1,101 2,103 2,106 1,109 1,110 1,111 1,113 1,114 1,116 1,124 3,127 1,130 2,140 1,142 1,143 1,153 1,155 1,157 1,159 1,166 1,167 1,168 1,171 5,188 9,190 15,191 1,196 1,201 2,203 2,204 1,205 1,206 1,208 1,216 1,219 1,223 1,224 1,226 1,227 1,232 1,245 2,246 1,247 1,254 1,256 1,260 
190 2,12 1,14 1,15 1,16 1,18 1,42 5,44 2,45 2,46 1,47 1,50 1,51 4,68 1,100 2,103 1,107 1,108 2,109 1,110 1,111 1,113 1,115 1,130 1,135 1,140 1,149 1,150 2,156 1,157 1,158 1,159 1,160 1,164 3,167 3,168 1,170 1,171 1,188 9,189 8,191 1,196 1,203 1,209 1,210 1,216 1,219 2,220 1,224 2,227 1,229 1,230 
191 1,6 1,12 2,14 1,16 1,18 1,19 1,23 3,44 4,46 1,47 2,51 1,68 1,69 1,73 2,76 1,84 1,87 1,92 1,100 1,101 2,103 2,107 2,108 1,109 1,110 1,113 1,114 1,124 2,127 1,132 1,133 1,143 1,155 1,157 1,158 1,159 2,164 1,166 1,167 2,170 2,171 3,188 15,189 8,190 1,193 2,203 1,205 1,210 2,216 1,218 1,219 1,220 1,226 1,227 2,252 3,260 
192 76,11 2,13 5,27 9,28 24,50 1,52 4,53 3,65 18,70 15,72 13,80 8,81 59,94 30,95 44,96 1,97 1,99 1,101 2,103 1,105 1,106 1,110 1,111 23,115 1,116 9,120 3,121 4,122 3,129 3,130 2,132 1,133 1,137 20,139 23,153 76,154 1,158 1,163 7,173 6,174 1,178 3,184 5,187 50,188 1,194 1,196 33,201 67,214 72,215 2,220 1,226 1,227 5,233 4,234 6,245 68,246 12,256 1,257 
193 2,3 19,11 1,12 3,28 1,44 12,50 1,52 2,53 2,65 8,70 12,72 1,73 1,75 1,76 6,80 18,81 17,94 19,95 16,96 2,103 1,109 1,110 1,111 1,112 1,113 17,115 7,120 2,121 2,122 5,129 1,137 1,138 13,139 1,140 2,142 12,153 24,154 2,172 5,173 7,174 3,175 1,180 1,183 2,184 2,187 17,188 1,191 21,201 1,206 1,208 24,214 25,215 5,216 2,218 3,219 3,220 1,222 1,224 1,233 2,234 1,235 1,242 6,245 35,246 2,247 1,248 2,249 6,256 
194 1,16 1,19 1,45 1,46 1,49 1,50 1,71 1,72 1,94 1,96 3,97 2,98 2,99 1,100 1,105 2,106 4,108 1,109 1,126 1,129 1,140 1,144 1,154 1,156 2,157 1,160 2,162 2,163 2,165 1,167 1,172 1,174 1,184 1,192 7,195 9,196 1,197 7,199 1,200 1,203 2,204 1,210 1,213 1,216 1,218 1,233 1,248 1,256 
195 1,25 1,43 1,47 1,69 1,78 2,99 3,103 1,109 1,113 1,123 2,154 1,156 1,159 1,160 1,188 7,194 4,196 1,197 1,199 2,200 1,201 1,204 1,205 2,210 1,215 2,216 1,218 1,221 1,231 2,256 
196 1,4 1,5 1,6 1,7 1,12 1,14 1,19 1,28 2,44 1,45 1,46 2,47 1,51 1,71 2,72 1,87 1,88 1,89 1,90 2,92 1,93 1,95 1,98 1,99 2,101 1,103 1,108 4,109 2,110 1,112 1,140 1,144 2,155 3,156 3,157 1,162 1,163 1,164 1,165 1,167 2,168 1,174 1,175 2,176 1,180 1,184 1,189 1,190 1,192 9,194 4,195 1,197 1,199 1,200 1,202 1,203 3,204 1,206 1,210 1,214 1,215 3,216 1,218 1,219 3,220 2,246 2,248 1,251 2,253 1,258 
197 1,15 1,19 1,76 1,79 1,100 1,160 1,163 1,176 1,180 1,194 1,195 1,196 
198 1,14 1,52 1,55 1,59 1,100 1,102 2,106 1,174 1,182 1,199 1,216 1,218 1,220 1,221 2,222 1,223 3,224 4,226 2,230 2,231 1,232 1,238 1,239 1,244 1,247 
199 1,42 1,43 1,44 1,49 1,50 1,71 1,79 1,98 1,99 1,100 1,102 1,108 1,109 1,126 1,127 1,154 2,157 1,188 7,194 1,195 1,196 1,198 1,214 1,221 1,226 1,231 1,260 
200 1,44 1,72 1,78 1,112 1,176 1,185 1,194 2,195 1,196 1,236 1,237 1,240 1,242 
201 1,2 27,11 1,12 2,13 1,25 4,44 32,50 3,51 4,65 1,67 1,68 3,70 10,72 1,79 22,80 41,81 1,82 1,83 1,84 17,94 1,95 18,96 1,98 1,101 2,103 1,106 1,109 2,110 13,115 5,120 1,122 1,127 3,129 12,139 1,140 1,141 1,147 30,153 50,154 6,156 1,157 1,158 5,167 16,173 2,178 26,188 1,189 33,192 21,193 1,195 1,202 5,203 7,204 1,205 1,207 2,209 3,210 1,213 18,214 23,215 4,234 1,235 9,245 21,246 12,256 
202 1,11 1,12 1,19 2,43 1,68 2,69 1,71 1,81 2,83 1,84 1,98 1,101 1,102 2,103 1,109 1,155 5,156 2,157 2,167 1,168 1,196 1,201 7,203 2,204 4,205 1,209 3,210 2,211 1,212 1,245 1,254 1,261 
203 9,2 14,3 2,4 1,5 2,6 1,7 4,8 3,9 1,10 2,11 1,12 1,19 1,38 1,42 3,43 8,44 1,46 4,50 10,51 1,62 1,66 4,68 2,69 1,71 4,72 1,73 1,74 1,75 3,81 3,82 3,83 6,84 1,87 2,92 2,93 1,95 2,98 1,102 1,103 3,109 5,110 1,113 1,114 2,115 1,120 1,130 1,139 3,140 1,141 1,147 1,150 1,154 3,155 9,156 1,157 1,160 1,161 1,162 8,167 4,168 2,170 4,188 2,189 1,190 2,191 1,194 1,196 5,201 7,202 27,204 12,205 1,206 1,208 13,210 1,211 2,212 1,213 2,214 3,219 1,220 1,222 1,224 1,225 1,226 1,234 2,246 1,247 1,248 1,250 1,251 1,254 2,255 3,256 1,257 4,260 
204 1,3 1,11 1,12 1,13 1,19 2,42 1,43 6,44 1,46 3,50 5,51 1,68 1,69 2,79 3,81 3,82 2,83 1,84 1,85 2,86 1,94 1,95 1,96 1,98 1,102 3,103 1,106 3,109 5,110 1,111 2,113 1,114 1,115 1,120 1,123 1,126 1,127 1,129 1,139 1,147 3,155 12,156 2,157 1,160 1,161 1,166 4,167 5,168 1,173 1,180 1,188 2,189 2,194 1,195 3,196 7,201 2,202 27,203 10,205 7,206 3,207 5,208 4,209 12,210 4,211 5,212 1,214 1,216 1,218 3,219 1,220 1,246 1,247 1,253 1,255 1,256 1,257 2,260 
205 1,2 2,3 3,12 2,13 1,14 1,22 1,43 2,50 5,51 2,69 2,73 1,74 2,75 1,81 1,82 4,83 3,84 2,93 1,95 1,96 3,103 2,115 4,156 2,158 2,159 1,161 1,162 2,163 1,166 2,167 1,170 1,189 1,191 1,195 1,201 4,202 12,203 10,204 1,206 5,208 1,209 5,210 1,211 6,212 1,216 1,220 1,245 1,247 2,255 2,260 
206 1,2 1,3 1,4 1,6 3,7 1,8 1,9 1,10 1,44 1,46 1,51 3,69 1,79 3,86 2,87 1,92 1,101 1,109 1,110 1,111 1,113 2,114 1,124 1,126 1,127 3,159 4,160 2,161 1,163 1,164 2,169 1,171 1,188 1,189 1,193 1,196 1,203 7,204 1,205 3,207 12,208 6,209 1,210 1,211 8,212 1,213 1,218 1,254 1,255 
207 1,2 2,6 1,8 1,9 1,49 1,69 1,72 1,84 1,92 1,93 1,155 1,158 1,159 2,160 2,163 1,164 1,165 2,169 1,171 1,201 3,204 3,206 3,209 2,211 2,212 2,213 1,216 1,218 1,219 1,257 1,260 
208 1,3 1,7 1,46 1,69 1,79 1,86 1,99 1,101 1,103 1,109 1,111 1,113 1,114 3,159 2,160 2,161 1,162 1,166 1,170 1,189 1,193 1,203 5,204 5,205 12,206 1,209 1,210 1,211 7,212 1,218 
209 1,6 1,43 2,46 1,51 1,68 3,69 1,96 1,103 1,113 1,126 1,127 1,140 1,149 2,160 1,161 1,162 1,169 1,190 2,201 1,202 4,204 1,205 6,206 3,207 1,208 2,211 2,212 3,213 1,218 1,254 1,261 
210 3,2 8,3 2,5 1,6 1,7 2,8 2,10 2,12 1,13 1,19 1,38 3,42 1,43 6,44 1,45 1,46 1,48 2,50 4,68 2,69 1,77 1,78 1,80 1,81 1,82 1,83 1,84 2,86 1,87 1,88 2,92 1,93 1,94 1,98 2,99 2,103 5,109 2,110 1,111 1,113 2,123 1,129 1,143 1,145 1,148 1,154 3,155 6,156 4,157 1,159 1,160 1,161 1,165 2,168 1,188 1,190 1,191 1,194 2,195 1,196 3,201 3,202 13,203 12,204 5,205 1,206 1,208 4,211 3,212 1,214 1,219 1,220 1,246 1,251 1,253 1,256 1,260 
211 1,3 1,4 1,6 1,7 1,8 1,42 1,44 1,45 6,46 1,47 4,69 1,84 2,92 1,96 1,103 1,109 1,111 1,113 1,155 1,156 1,158 2,159 1,160 1,161 1,164 1,167 1,169 2,202 1,203 4,204 1,205 1,206 2,207 1,208 2,209 4,210 8,212 1,247 1,253 1,254 
212 1,2 1,6 3,42 3,44 6,46 1,47 6,69 1,79 1,81 1,84 2,86 2,87 1,99 1,103 1,107 1,108 1,111 1,114 1,124 1,127 1,143 1,147 1,150 1,151 1,156 1,158 8,159 4,160 1,161 2,162 4,163 2,164 1,166 2,168 1,169 4,170 1,202 2,203 5,204 6,205 8,206 2,207 7,208 2,209 3,210 8,211 3,213 
213 2,44 2,51 1,68 1,72 1,85 1,88 1,92 2,93 1,113 1,114 1,139 1,162 1,163 1,164 1,170 1,194 1,201 1,203 1,206 2,207 3,209 3,212 1,254 1,260 
214 1,2 1,3 88,11 2,12 3,13 4,14 1,25 6,27 34,28 1,29 2,30 1,31 6,38 1,39 2,41 2,44 1,45 1,49 34,50 1,51 5,52 22,53 2,54 1,55 1,63 1,65 2,68 12,70 34,72 1,74 1,75 4,80 11,81 1,92 48,94 40,95 55,96 4,98 3,99 4,101 2,102 2,103 1,108 3,109 2,110 2,111 36,115 4,116 18,120 13,121 9,122 2,123 3,127 12,129 1,130 1,131 1,132 1,133 32,139 1,140 2,144 1,145 1,147 1,151 48,153 68,154 3,155 4,156 1,157 1,158 5,167 5,168 2,172 4,173 22,174 10,175 5,176 3,180 1,182 7,184 10,187 45,188 67,192 24,193 1,196 1,199 18,201 2,203 1,204 1,210 1,218 2,220 1,225 1,226 1,232 4,233 6,234 3,235 16,245 94,246 5,247 3,248 1,249 1,250 16,256 3,257 3,258 1,260 
215 88,11 1,12 1,13 1,26 7,27 39,28 3,29 4,30 6,38 1,39 1,41 1,47 36,50 2,52 27,53 1,54 2,55 1,57 2,63 1,65 12,70 1,71 39,72 3,73 1,74 1,75 14,80 17,81 1,82 1,83 59,94 29,95 56,96 3,99 1,100 1,101 4,103 2,109 1,110 3,111 1,113 39,115 3,116 1,117 1,118 21,120 24,121 6,122 3,123 3,124 1,125 1,126 2,127 1,128 5,129 2,132 1,134 37,139 2,140 1,141 1,142 1,144 30,153 78,154 4,155 4,156 1,157 1,167 3,168 6,172 5,173 30,174 19,175 8,176 1,177 5,180 2,182 1,183 11,184 1,185 14,187 55,188 72,192 25,193 1,195 1,196 23,201 1,220 5,233 9,234 3,235 1,236 1,237 32,245 112,246 6,247 1,248 1,249 1,250 1,252 22,256 4,260 
216 1,2 1,6 1,7 8,11 9,12 4,13 8,14 2,19 1,22 5,25 3,27 1,28 5,29 6,30 1,32 2,38 1,41 1,45 2,47 1,49 1,51 2,53 1,65 2,68 3,71 12,72 4,73 3,74 2,75 1,76 1,80 3,81 5,82 4,83 8,94 2,95 6,96 1,97 1,98 14,99 3,101 1,102 15,103 2,105 2,106 4,108 18,109 5,110 2,114 3,115 1,121 3,123 1,124 1,126 1,127 1,130 1,140 3,144 1,147 7,154 5,155 6,156 2,157 1,161 5,167 7,168 2,173 1,175 4,176 3,187 1,188 1,189 1,190 2,191 5,193 1,194 2,195 3,196 1,198 1,204 1,205 1,207 19,217 34,218 55,219 150,220 7,221 1,222 1,224 8,226 1,227 5,228 3,230 11,231 2,245 7,246 10,247 15,248 7,249 3,252 3,253 2,255 1,256 2,258 14,260 
217 1,14 1,15 1,19 3,28 6,29 7,30 1,33 1,36 1,38 2,53 1,55 1,57 1,64 1,71 1,73 1,75 1,81 1,101 1,103 1,106 1,109 1,110 1,115 1,123 1,124 1,127 1,130 1,156 1,161 1,166 1,167 1,173 1,176 19,216 3,218 2,219 10,220 1,222 2,223 3,224 1,225 1,226 1,227 2,230 1,245 1,252 
218 1,2 1,7 3,11 3,12 2,14 1,22 1,25 1,27 1,30 1,38 1,45 1,46 2,47 1,71 1,73 3,74 1,75 1,81 2,82 2,83 1,85 1,86 1,89 2,94 2,95 1,96 1,97 1,98 5,99 1,100 3,101 1,102 1,103 6,109 1,115 1,123 1,126 3,154 1,155 1,156 1,176 1,182 1,183 1,191 2,193 1,194 1,195 1,196 1,198 1,204 1,206 1,207 1,208 1,209 1,214 34,216 3,217 4,219 32,220 1,222 1,224 2,226 2,230 1,231 4,246 5,248 1,249 1,250 1,251 2,252 2,253 1,258 5,260 
219 1,3 1,5 1,8 1,9 1,11 5,12 2,25 1,38 2,47 1,49 1,68 1,71 4,72 1,73 1,74 2,81 3,94 1,96 1,98 9,99 1,101 2,102 8,103 1,105 1,106 2,108 6,109 2,110 1,113 1,143 1,144 1,151 1,154 2,155 3,156 2,157 1,159 1,164 1,167 1,168 1,173 1,176 1,189 1,190 1,191 3,193 1,196 3,203 3,204 1,207 1,210 55,216 2,217 4,218 42,220 3,226 1,228 1,231 1,245 3,246 11,247 8,248 3,249 1,250 3,251 1,253 2,255 7,260 
220 1,6 13,11 12,12 7,13 15,14 4,15 2,19 1,22 7,25 3,27 7,29 14,30 1,32 12,38 2,45 1,46 1,47 2,49 2,51 1,52 1,53 1,55 2,63 2,65 4,68 1,69 4,71 12,72 5,73 3,74 1,75 1,80 3,81 3,82 3,83 1,86 1,92 1,93 7,94 3,95 7,96 1,97 2,98 24,99 2,100 2,101 2,102 25,103 2,104 6,105 2,106 1,107 8,108 37,109 7,110 1,111 2,114 1,115 1,116 4,121 1,122 8,123 7,124 2,125 4,126 11,127 2,128 1,129 1,130 1,132 1,139 3,140 1,141 1,142 1,143 7,144 2,147 4,151 3,153 7,154 10,155 15,156 3,157 2,158 3,159 3,160 3,161 1,162 2,163 2,164 1,165 10,167 17,168 2,169 2,173 1,174 2,175 11,176 4,180 2,182 3,183 2,184 3,187 4,188 2,190 1,191 2,192 3,193 3,196 1,198 1,203 1,204 1,205 1,210 2,214 1,215 150,216 10,217 32,218 42,219 3,221 2,222 1,224 1,225 3,226 4,228 2,229 1,230 2,231 1,232 3,245 10,246 17,247 17,248 8,249 2,250 4,251 6,252 7,253 1,254 3,255 3,256 1,257 5,258 19,260 
221 1,4 1,6 1,11 1,19 1,22 1,27 1,38 1,41 1,49 1,83 1,87 1,88 1,93 1,95 2,96 2,98 1,100 3,101 4,103 1,104 2,105 1,107 6,108 3,109 1,121 1,126 1,127 1,143 2,144 1,147 1,150 1,151 1,156 1,160 1,161 1,162 1,163 1,164 2,168 1,176 1,182 1,183 1,195 1,198 1,199 7,216 3,220 7,222 3,223 9,224 1,225 15,226 10,227 1,228 4,229 13,230 14,231 1,247 1,248 1,249 1,250 1,251 3,253 
222 1,19 1,25 1,27 1,96 1,98 1,100 2,101 1,102 2,103 1,104 2,105 4,108 1,109 1,127 2,156 1,161 1,164 1,176 1,193 2,198 1,203 1,216 1,217 1,218 2,220 7,221 2,223 33,224 5,225 19,226 2,227 4,228 4,229 13,230 2,231 3,250 3,253 1,260 
223 1,7 1,15 1,19 1,27 1,28 1,75 1,76 1,78 2,108 1,115 1,123 1,126 1,127 1,159 1,162 1,189 1,198 2,217 3,221 2,222 12,224 4,225 6,226 1,227 1,229 5,230 2,231 2,232 2,250 
224 1,4 1,6 2,15 3,19 1,25 1,28 1,53 1,63 1,76 2,96 1,98 2,100 2,101 1,102 2,103 1,104 6,108 1,109 1,115 1,123 1,126 1,127 1,147 3,156 1,159 1,162 1,176 1,182 1,189 1,190 1,193 3,198 1,203 1,216 3,217 1,218 1,220 9,221 33,222 12,223 4,225 31,226 19,227 2,228 10,229 21,230 5,231 4,232 1,233 3,250 2,253 1,260 
225 1,27 1,33 1,107 1,203 1,214 1,217 1,220 1,221 5,222 4,223 4,224 6,226 4,227 2,229 2,230 3,231 1,232 1,250 1,252 1,253 1,254 
226 1,4 2,6 1,7 1,14 1,15 1,16 5,19 1,33 1,41 1,46 1,54 1,63 1,71 1,83 1,92 1,95 1,96 3,98 2,100 3,101 4,103 1,104 1,105 2,107 5,108 1,109 1,126 1,128 1,143 1,144 1,147 3,156 1,158 2,161 1,162 1,163 1,164 1,165 2,168 1,170 1,182 1,183 1,189 1,191 1,192 4,198 1,199 1,203 1,214 8,216 1,217 2,218 3,219 3,220 15,221 19,222 6,223 31,224 6,225 19,227 2,228 10,229 21,230 18,231 3,232 1,233 1,248 5,250 2,251 1,252 8,253 1,256 1,260 
227 1,4 1,6 1,7 1,15 2,19 1,28 1,31 1,38 1,44 1,76 1,96 1,98 1,100 1,102 1,106 1,107 4,108 1,109 1,140 2,144 3,147 3,158 1,163 1,168 1,182 1,188 1,189 2,190 1,191 1,192 1,216 1,217 10,221 2,222 1,223 19,224 4,225 19,226 1,228 8,229 18,230 4,231 1,232 1,250 1,251 2,253 1,260 
228 1,11 1,19 1,77 1,93 1,101 1,102 1,109 1,130 1,131 1,133 5,216 1,219 4,220 1,221 4,222 2,224 2,226 1,227 1,229 1,230 2,231 1,250 1,251 1,254 
229 1,7 1,19 1,33 1,35 1,36 1,37 1,41 1,64 2,82 1,84 1,86 2,87 1,92 2,93 1,103 1,108 1,144 1,147 1,156 1,190 2,220 4,221 4,222 1,223 10,224 2,225 10,226 8,227 1,228 8,230 5,231 1,247 1,248 4,250 1,251 2,252 2,253 2,254 1,260 
230 1,7 1,15 2,19 1,25 1,27 1,29 2,31 1,35 2,41 1,50 1,54 2,71 1,72 3,96 2,98 5,101 2,102 1,104 3,105 1,106 3,107 5,108 1,109 1,111 2,126 2,128 1,133 1,140 1,141 1,143 1,144 2,147 1,150 3,151 1,155 3,156 3,158 1,159 1,160 3,161 3,162 1,164 1,165 1,169 1,180 3,182 3,183 1,185 1,190 2,198 3,216 2,217 2,218 1,220 13,221 13,222 5,223 21,224 2,225 21,226 18,227 1,228 8,229 20,231 1,248 1,249 4,250 2,251 10,253 1,254 1,255 1,257 2,260 
231 2,6 1,14 1,16 4,19 1,22 1,25 1,41 1,71 2,76 1,78 1,83 1,92 1,93 1,98 5,101 1,107 1,126 1,130 1,131 2,133 2,143 2,150 2,151 3,161 1,162 1,166 2,168 1,195 2,198 1,199 11,216 1,218 1,219 2,220 14,221 2,222 2,223 5,224 3,225 18,226 4,227 2,228 5,229 20,230 1,249 1,251 4,253 1,259 
232 2,15 1,19 1,27 1,29 1,31 1,33 1,38 1,53 1,145 1,146 1,189 1,198 1,214 1,220 2,223 4,224 1,225 3,226 1,227 
233 2,11 4,27 11,28 2,29 1,35 1,38 1,39 1,50 10,52 19,53 1,54 1,55 2,56 2,57 2,58 1,63 11,72 2,73 3,81 1,82 1,83 2,94 2,95 4,96 6,115 2,116 1,117 1,123 1,129 1,130 5,139 2,154 4,173 28,174 8,175 1,176 1,180 1,183 2,184 5,192 1,193 1,194 4,214 5,215 1,224 1,226 1,234 5,235 1,239 1,256 
234 15,11 2,13 3,15 1,16 1,21 1,23 3,27 13,28 1,29 3,30 1,32 3,38 1,45 1,49 4,50 1,52 12,53 3,56 2,57 2,58 1,63 1,64 1,66 1,68 1,71 11,72 1,80 4,81 1,94 3,95 5,96 1,109 1,111 19,115 3,116 4,117 2,120 1,132 1,133 10,139 1,142 1,150 1,151 3,153 6,154 1,163 1,167 2,173 6,174 4,175 5,184 1,187 3,188 4,192 2,193 4,201 1,203 6,214 9,215 1,233 4,245 4,246 1,250 1,251 5,256 1,257 
235 2,28 1,53 4,72 2,95 1,96 1,109 1,121 1,129 1,153 2,154 8,174 7,175 2,176 1,182 1,183 1,187 1,188 1,193 1,201 3,214 3,215 5,233 1,236 1,237 1,256 
236 1,52 1,53 1,54 1,55 1,72 1,109 1,116 3,117 1,118 1,123 2,175 11,176 2,177 1,183 1,200 1,215 1,235 13,237 1,239 
237 1,52 1,53 1,54 1,55 1,72 1,109 1,116 5,117 1,118 1,123 1,129 1,145 2,175 12,176 2,177 2,182 1,183 1,200 1,215 1,235 13,236 4,238 2,239 
238 5,56 1,72 3,117 1,118 1,129 1,145 1,175 1,177 1,180 22,182 6,183 1,198 4,237 17,239 10,244 
239 1,39 4,56 1,58 1,63 1,72 3,117 2,118 1,175 1,176 17,182 4,183 1,198 1,233 1,236 2,237 17,238 8,244 
240 2,44 1,50 1,72 1,179 1,185 1,200 5,241 1,242 5,243 1,256 
241 1,72 1,179 5,240 3,243 
242 1,44 1,72 1,81 1,185 1,193 1,200 1,240 1,246 
243 2,44 1,50 1,115 1,179 1,185 5,240 3,241 1,256 
244 2,56 1,72 10,182 1,183 1,198 10,238 8,239 
245 1,2 1,5 1,8 24,11 1,12 1,13 1,14 3,28 1,29 1,30 1,38 1,41 1,44 1,45 1,47 13,50 1,51 2,53 1,63 1,70 6,72 1,77 2,80 7,81 1,83 1,84 1,92 9,94 1,95 15,96 1,99 2,103 3,109 1,110 8,115 5,120 6,121 1,122 1,127 1,137 3,139 1,140 1,145 14,153 16,154 1,157 2,168 1,172 1,173 2,174 3,175 1,181 1,182 1,184 12,188 1,189 6,192 6,193 9,201 1,202 1,205 16,214 32,215 2,216 1,217 1,219 3,220 4,234 1,255 4,256 1,258 1,260 
246 2,3 82,11 1,13 1,14 6,27 12,28 1,31 2,44 1,48 1,49 47,50 4,53 11,70 35,72 1,73 1,74 1,75 25,80 32,81 41,94 20,95 53,96 1,98 1,99 2,103 1,108 2,109 1,110 1,111 31,115 16,120 7,121 6,122 2,123 8,129 1,130 1,131 1,134 1,137 1,138 25,139 1,143 1,144 42,153 64,154 1,155 2,156 1,167 3,168 3,172 15,173 10,174 5,175 1,181 3,184 5,187 51,188 2,189 68,192 35,193 2,196 21,201 2,203 1,204 1,210 94,214 112,215 7,216 4,218 3,219 10,220 4,234 1,242 3,247 4,248 1,249 2,250 19,256 3,260 
247 1,2 2,6 2,11 2,12 1,13 1,14 1,15 1,19 2,43 1,46 3,47 1,49 2,50 5,51 4,68 1,69 3,72 1,74 2,76 2,82 1,84 1,86 2,93 1,94 2,95 1,98 5,99 4,101 6,103 1,104 1,105 1,106 1,109 1,110 1,115 1,122 1,123 3,139 1,144 1,154 4,155 5,156 3,157 1,158 1,167 4,168 1,171 3,188 1,189 2,193 1,198 1,203 1,204 1,205 1,211 5,214 6,215 10,216 11,219 17,220 1,221 1,229 3,246 23,248 7,249 5,250 11,251 5,252 7,253 5,254 9,255 1,256 9,260 
248 2,2 1,3 1,4 1,6 1,7 1,8 1,10 4,12 4,13 1,15 1,29 1,33 1,38 2,43 2,47 1,49 1,50 2,51 1,68 1,71 2,72 1,76 1,84 2,86 1,88 1,93 2,96 3,99 2,101 4,103 5,109 1,110 1,133 1,139 2,154 3,155 4,156 3,167 1,168 1,171 1,176 1,180 1,184 1,193 1,194 2,196 1,203 3,214 1,215 15,216 5,218 8,219 17,220 1,221 1,226 1,229 1,230 4,246 23,247 1,249 4,250 8,251 3,252 1,254 2,255 2,256 1,258 2,260 
249 1,11 2,12 1,22 1,25 1,47 1,50 1,51 1,68 1,93 1,103 2,124 1,125 1,127 1,140 1,144 1,154 1,156 1,160 1,188 2,193 1,214 1,215 7,216 1,218 3,219 8,220 1,221 1,230 1,231 1,246 7,247 1,248 1,250 3,252 2,253 1,255 2,260 
250 1,11 1,12 1,15 2,19 1,23 1,46 1,47 1,49 1,81 1,83 1,84 1,93 1,103 1,108 1,154 1,159 1,168 1,169 1,203 1,214 1,215 1,218 1,219 2,220 1,221 3,222 2,223 3,224 1,225 5,226 1,227 1,228 4,229 4,230 1,234 2,246 5,247 4,248 1,249 7,251 4,252 7,253 3,254 1,255 1,257 
251 1,3 1,14 1,15 3,19 1,23 2,46 1,47 1,51 1,84 1,86 1,88 1,98 1,101 2,103 1,108 3,109 1,110 1,114 1,115 2,139 1,144 1,155 1,159 1,167 1,168 1,169 1,170 2,188 1,196 1,203 1,210 1,218 3,219 4,220 1,221 2,226 1,227 1,228 1,229 2,230 1,231 1,234 11,247 8,248 7,250 4,252 5,253 1,255 
252 2,6 2,12 1,29 1,33 2,47 1,49 1,68 1,72 1,93 1,109 1,114 1,115 1,133 1,135 1,139 1,167 1,171 2,191 1,215 3,216 1,217 2,218 6,220 1,225 1,226 2,229 5,247 3,248 3,249 4,250 4,251 7,253 2,254 1,255 2,260 
253 1,4 2,6 1,7 1,8 1,11 1,14 1,19 2,46 1,47 2,50 1,68 1,71 2,92 1,93 2,99 1,101 4,103 1,104 1,105 4,108 3,109 1,121 1,126 1,127 1,128 1,135 1,143 2,144 1,150 2,151 1,156 1,163 1,167 4,168 2,171 1,182 1,183 2,196 1,204 1,210 1,211 3,216 2,218 1,219 7,220 3,221 3,222 2,224 1,225 8,226 2,227 2,229 10,230 4,231 7,247 2,249 7,250 5,251 7,252 1,254 1,256 1,257 1,260 
254 1,6 1,11 1,12 1,42 1,44 1,46 1,49 1,50 2,69 1,101 1,103 1,109 1,189 1,202 1,203 1,206 1,209 1,211 1,213 1,220 1,225 1,228 2,229 1,230 5,247 1,248 3,250 2,252 1,253 1,255 1,261 
255 2,2 2,3 3,22 2,50 10,51 1,53 1,68 1,69 2,72 1,80 2,82 5,83 5,84 1,85 2,86 1,87 1,89 1,92 1,93 2,99 1,101 1,108 2,110 2,111 1,115 1,116 1,156 2,158 1,159 1,160 1,164 1,168 2,203 1,204 2,205 1,206 2,216 2,219 3,220 1,230 1,245 9,247 2,248 1,249 1,250 1,251 1,252 1,254 1,256 3,260 
256 1,3 32,11 2,12 1,13 2,14 1,15 1,16 1,19 2,21 2,22 2,23 2,25 1,27 6,28 2,29 1,30 1,35 1,36 2,38 1,43 2,44 37,50 5,51 1,52 5,53 1,54 1,55 1,57 1,63 2,64 1,68 3,70 7,72 2,78 6,80 3,81 1,83 2,92 2,93 11,94 6,95 6,96 1,98 1,99 1,100 1,103 1,104 1,107 3,108 4,109 2,111 1,114 11,115 1,116 1,120 10,121 6,122 1,123 4,124 5,126 2,127 3,128 4,129 2,130 1,132 1,133 1,134 2,135 1,138 8,139 5,153 14,154 2,156 1,158 1,159 1,160 1,163 1,167 1,170 1,173 7,174 3,175 1,182 2,184 9,187 25,188 1,189 12,192 6,193 1,194 2,195 12,201 3,203 1,204 1,210 16,214 22,215 1,216 3,220 1,226 1,233 5,234 1,235 1,240 1,243 4,245 19,246 1,247 2,248 1,253 1,255 3,260 
257 1,2 1,3 1,13 1,22 1,50 1,51 1,81 1,83 2,84 2,95 1,99 1,103 1,115 2,120 1,123 1,124 1,126 1,127 2,129 1,139 1,144 1,168 1,192 1,203 1,204 1,207 3,214 1,220 1,230 1,234 1,250 1,253 
258 1,11 5,12 1,13 4,14 1,18 2,19 4,22 1,23 1,28 1,30 1,35 1,47 1,50 5,51 1,53 1,57 1,59 1,64 1,68 1,81 1,99 1,100 3,103 1,109 1,121 2,122 5,123 2,124 1,126 1,127 1,128 1,131 1,150 1,156 1,168 4,187 1,188 1,196 3,214 2,216 1,218 5,220 1,245 1,248 1,260 
259 1,7 1,19 1,50 1,80 1,93 1,96 1,154 1,231 
260 2,2 2,3 1,6 2,11 6,12 5,14 2,15 1,16 2,22 2,30 2,42 2,43 4,44 1,46 13,47 1,50 8,51 2,68 3,72 1,76 3,82 1,83 1,84 1,86 1,87 2,92 1,93 2,95 5,99 1,100 3,101 3,102 3,103 1,104 2,105 1,106 2,108 6,109 1,110 3,111 2,113 2,115 1,117 1,122 5,123 2,124 1,126 3,127 1,128 1,140 1,141 1,142 1,153 1,154 3,155 8,156 1,158 1,159 1,160 2,164 2,167 1,170 1,172 1,180 1,187 4,188 1,189 3,191 1,199 4,203 2,204 2,205 1,207 1,210 1,213 1,214 4,215 14,216 5,218 7,219 19,220 1,222 1,224 1,226 1,227 1,229 2,230 1,245 3,246 9,247 2,248 2,249 2,252 1,253 3,255 3,256 1,258 1,261 
261 1,2 1,13 1,43 1,86 1,88 1,154 1,160 1,202 1,209 1,254 1,260 
