3628
81
3950
1844
1971
4522
2447
2602
3662
549
4211
3614
626
1761
1430
4852
2579
2037
3442
3273
1172
1827
1822
596
16
2728
2768
1298
4448
4940
1633
4906
1773
1813
2256
219
305
1905
41
3746
2217
4339
2415
2248
334
485
4991
4500
2781
1240
2880
1549
4915
327
3496
3363
2644
1307
4960
2286
3598
1898
811
1207
970
2801
4587
2926
1419
4068
4469
859
2378
763
3054
3105
2472
704
2181
2319
229
1278
387
3889
577
284
2456
2071
1370
4834
4816
4445
3814
772
2302
955
2601
1460
2727
37
4448
1796
499
1669
2543
1205
704
1807
592
4954
1887
4838
141
4160
2059
2429
2088
2570
3743
1401
3112
2975
2607
2469
2591
567
4417
709
3483
3927
3157
1376
3113
4353
2372
40
920
2536
2405
427
1133
4874
4078
343
1467
1222
4224
1913
1262
3232
2403
1095
4064
346
1605
1343
4779
1094
1013
1559
4703
666
3748
983
4023
4570
1479
1596
1687
2652
4894
790
121
48
1496
1027
2432
3751
1835
141
1732
2958
1798
1498
4152
891
4242
4196
3112
639
1489
2960
3855
2092
4301
1578
3903
3224
916
3633
523
3242
3530
630
1466
4165
2967
1379
2228
4596
2307
3058
3322
4845
3600
3019
1505
4041
2111
3906
2679
4362
1325
4968
1729
717
4847
2865
2372
730
395
2975
1307
2018
3905
4669
1433
3321
2859
3718
3783
396
2216
3590
4903
1629
23
1665
1826
252
4267
2035
3688
2064
1009
4936
1158
4542
1274
3765
3093
2145
2941
2046
2192
4947
772
4609
4709
1555
3850
963
4296
512
2835
1650
1005
3453
2133
1811
3485
1541
1158
4893
4234
953
414
1350
3174
2591
2470
4644
921
2701
1585
1638
3370
1790
810
3068
2264
4244
1398
1636
1937
3632
131
3063
3506
4566
1001
131
1888
412
696
4706
4231
108
1651
4995
849
2143
948
2319
297
3965
3207
2071
4928
563
2627
2413
1256
4708
4806
1552
3608
3931
3697
3403
4407
2695
3244
1128
3412
392
2186
681
4781
1553
145
2255
3222
4807
4451
591
781
3217
2464
2034
1764
841
1760
1459
662
3138
3387
2663
486
1609
587
1928
3596
4137
4325
4906
937
1034
164
1242
3269
4186
4630
115
303
4911
1579
2475
2053
2379
2323
813
2508
4920
3439
472
2346
4366
3068
4217
4715
3428
323
412
2777
899
252
2169
1079
3449
2788
1796
1039
1540
4924
85
3602
573
1701
4666
1145
2472
1833
2762
4529
3889
4827
1699
3292
1169
2017
1061
4942
1633
3280
1009
2077
4094
4810
917
4189
1470
3452
3129
715
2330
851
3119
1672
3708
40
846
208
2467
48
2831
3395
396
4473
3836
604
2659
2250
878
3553
4499
67
3390
1210
2242
629
3054
2125
3256
4171
1848
3344
2138
3849
1391
3497
1714
2052
3910
4819
3201
4874
3270
2250
4808
1163
2027
3737
1427
3560
4713
1666
1319
3219
3675
6
1270
2584
2244
477
1920
2194
4937
2328
3956
4832
983
2332
784
4585
433
4066
693
4758
229
4670
4054
2304
632
2269
866
1818
375
4674
2952
1664
4431
1186
2283
2696
519
4110
438
1159
1365
3417
3185
4096
805
2403
3133
1952
4513
997
2829
3157
4390
2966
3317
3305
3763
3662
2847
673
112
3401
740
4563
212
2053
4952
4695
3279
3320
3969
4405
4850
3020
4865
4711
2067
4972
4770
2088
3389
3244
4905
2910
4800
1491
1574
3196
1445
2732
3347
2619
2396
3478
2051
4699
4249
2801
2430
3924
453
2674
2002
2193
2257
4361
3675
4759
4880
1736
4422
930
1285
790
4626
1865
3339
2797
3289
707
684
1649
750
2931
2372
1507
279
88
1758
1508
1972
3503
335
1014
48
4485
2434
1319
1704
4471
3348
1431
146
805
4409
1508
3800
647
4182
940
4485
4262
2169
468
847
4654
246
54
4837
138
2171
3072
1011
401
1822
378
4108
2632
3982
127
3447
784
1015
993
3253
969
418
3391
2714
2031
411
1480
4442
908
4109
4364
1838
2454
1291
960
1703
1722
1369
275
1083
3825
1107
2079
1741
450
1411
4370
273
2249
417
4397
1080
2606
646
4012
225
2729
2401
3712
1234
3461
622
866
3797
3770
3612
2569
4573
3103
1678
1557
4435
1831
2748
629
3764
916
1219
1054
3726
730
2994
1588
1451
1597
3950
3838
3132
3837
3361
669
650
593
2278
2622
1433
3818
1448
3657
3703
2241
179
4944
4651
788
1371
2579
2017
3933
1348
1236
4989
331
2482
1247
1517
2981
2330
3988
2876
1996
2097
1887
581
672
4931
2400
2405
4430
1334
2807
4836
4025
2096
3042
1028
2071
2199
451
4363
1869
3960
3859
2118
4541
985
788
1687
4262
3075
4629
537
1621
250
2870
4400
1763
4815
855
3471
4679
2640
1805
276
3038
710
1885
1430
3672
3287
499
4690
717
3197
3525
1114
4087
2904
1899
624
4337
3847
1586
4602
441
2292
3394
974
1626
2913
3229
1567
2485
333
1705
584
256
1907
2087
2201
824
1061
3252
2912
3932
1349
1648
2617
3545
3773
2238
785
1797
2600
3571
3199
30
527
4203
4029
1643
4424
2648
3270
4078
2213
4532
112
4656
1865
4921
1019
373
3704
206
4962
4666
3759
301
3602
268
3657
963
2881
2162
428
3344
1866
4206
2860
312
1709
3432
3230
1825
2563
700
3912
1581
931
3301
439
706
3511
4178
3304
1593
2803
231
1147
1140
4526
2687
3757
3203
4185
113
949
4857
3008
633
25
2170
2023
2768
2962
1895
2536
4670
4430
4582
2210
1255
3932
956
2171
172
2013
4148
4417
4332
1753
3709
2717
2010
335
1126
1921
561
1458
3877
1980
2517
592
2801
3467
4588
932
3580
4754
1621
2295
2837
836
4975
3402
3997
1903
1837
2047
1113
3812
3672
2497
4903
2374
3294
2489
100
3176
2042
698
4061
1003
3612
959
