1 9,164 13,165 1,166 1,210 4,211 13,212 1,245 3,247 1,249 4,250 7,251 7,252 1,253 5,259 3,290 1,291 9,352 5,353 5,354 1,356 1,357 2,358 2,365 15,366 3,367 7,377 5,378 3,379 2,382 18,385 13,386 8,387 3,393 6,394 7,395 3,396 1,397 6,430 
2 4,143 7,165 2,166 3,167 3,211 1,212 1,214 2,250 6,251 6,252 8,253 4,259 2,260 10,352 9,353 7,354 3,357 1,358 8,366 1,367 1,371 10,377 8,378 9,379 3,380 9,382 5,383 4,385 13,386 20,387 2,388 1,392 3,394 5,395 7,396 2,397 1,430 
3 3,4 21,5 1,7 12,8 12,215 1,252 1,253 1,352 6,353 1,354 9,357 1,359 9,360 4,361 2,387 4,388 1,395 1,396 
4 3,3 3,5 3,9 3,10 4,11 3,357 4,360 5,361 
5 21,3 3,4 1,7 12,8 12,215 1,252 1,253 1,352 6,353 1,354 9,357 1,359 9,360 4,361 2,387 4,388 1,395 1,396 
6 
7 1,3 1,5 1,8 1,10 1,214 2,215 1,217 1,218 1,252 1,352 2,353 1,386 1,387 1,388 
8 12,3 12,5 1,7 3,166 12,215 4,217 4,218 1,245 3,252 4,253 2,255 1,352 5,353 11,357 1,358 2,359 7,360 2,361 3,366 2,377 1,380 1,382 1,383 2,387 4,388 2,395 3,396 
9 3,4 10,10 10,11 2,12 1,215 3,357 5,360 8,361 1,396 
10 3,4 1,7 10,9 10,11 2,12 1,215 3,357 5,360 8,361 1,396 
11 4,4 10,9 10,10 2,12 1,215 3,357 5,360 9,361 1,396 
12 2,9 2,10 2,11 
13 7,169 1,210 1,326 1,333 1,336 1,338 1,341 9,362 2,372 4,389 1,390 
14 1,169 2,170 5,219 1,221 3,363 3,372 1,373 1,384 3,389 
15 1,170 1,220 3,364 1,373 1,375 1,376 1,384 
16 
17 1,18 2,21 1,44 1,210 2,212 1,250 1,253 1,254 1,258 1,290 
18 1,17 3,19 1,20 2,21 1,28 2,210 1,212 2,252 1,254 1,258 3,290 2,396 
19 3,18 2,20 3,21 1,26 4,28 4,30 4,31 1,210 1,211 1,212 1,247 1,252 2,258 1,290 1,291 1,396 
20 1,18 2,19 2,21 2,28 1,30 1,31 1,396 
21 2,17 2,18 3,19 2,20 4,23 3,24 6,26 3,28 3,30 2,31 3,33 1,40 4,44 2,212 1,253 1,254 1,290 1,396 
22 
23 4,21 9,24 1,25 11,26 1,29 2,30 4,31 8,33 4,44 1,212 1,253 1,254 1,257 1,395 1,396 
24 3,21 9,23 1,25 11,26 1,29 3,30 6,31 8,33 2,44 2,212 1,252 1,394 
25 1,23 1,24 2,26 1,30 2,31 2,33 1,258 
26 1,19 6,21 11,23 11,24 2,25 1,28 1,29 5,30 8,31 10,33 1,40 4,44 2,212 1,252 1,254 1,258 1,394 
27 4,28 3,29 1,31 2,40 2,41 2,42 1,212 1,251 2,252 1,293 1,394 1,395 1,396 
28 1,18 4,19 2,20 3,21 1,26 4,27 3,29 3,30 4,31 2,40 3,41 3,42 1,51 1,111 1,175 1,212 1,250 1,251 2,252 1,289 1,290 1,293 1,394 2,395 2,396 
29 1,23 1,24 1,26 3,27 3,28 2,30 3,31 1,32 2,33 2,34 3,40 1,41 1,42 1,46 1,54 2,175 1,212 1,250 1,251 2,252 1,253 1,254 2,257 1,293 1,318 2,394 2,395 3,396 
30 4,19 1,20 3,21 2,23 3,24 1,25 5,26 3,28 2,29 9,31 1,32 5,33 2,34 1,41 1,42 2,43 4,44 1,54 2,175 1,211 2,212 1,252 1,253 1,258 1,318 1,394 1,397 1,398 
31 4,19 1,20 2,21 4,23 6,24 2,25 8,26 1,27 4,28 3,29 9,30 2,32 9,33 2,34 1,40 2,41 2,42 1,43 2,44 1,54 3,175 4,212 1,250 2,252 1,253 1,254 1,257 1,258 1,291 1,318 1,319 1,325 1,394 2,396 1,397 1,398 
32 1,29 1,30 2,31 5,33 5,34 1,46 4,51 2,54 1,175 1,245 1,253 1,255 4,257 2,293 2,396 
33 3,21 8,23 8,24 2,25 10,26 2,29 5,30 9,31 5,32 5,34 1,43 3,44 2,51 3,54 2,175 1,212 1,245 1,253 1,254 1,255 1,257 1,258 1,293 1,396 1,398 
34 2,29 2,30 2,31 5,32 5,33 1,46 1,47 2,51 2,54 1,175 1,245 1,247 1,255 2,257 1,293 1,396 
35 7,36 4,37 2,38 1,66 1,69 1,163 
36 7,35 2,37 1,38 
37 4,35 2,36 1,38 
38 2,35 1,36 1,37 
39 20,40 13,84 6,85 8,86 9,87 7,88 8,89 1,90 3,92 2,93 1,94 2,97 2,98 1,102 1,103 118,111 66,112 8,113 4,119 1,121 1,141 1,142 1,144 1,148 2,150 1,151 2,152 1,154 2,168 5,171 14,172 2,173 4,174 3,176 1,179 1,180 2,181 3,182 2,184 1,186 1,188 1,190 1,191 1,192 2,193 113,210 77,211 8,212 89,247 112,250 19,251 17,252 7,253 7,254 1,256 2,257 43,258 3,259 1,260 2,261 2,262 1,263 1,266 1,267 1,269 1,270 1,271 1,272 1,273 1,276 6,287 128,288 115,289 26,292 23,293 1,295 1,296 4,317 7,318 1,319 9,320 1,353 5,392 118,393 92,394 24,395 13,396 2,397 94,413 82,414 1,431 4,435 
40 1,21 1,26 2,27 2,28 3,29 1,31 20,39 1,44 29,84 6,85 7,86 1,87 2,88 1,89 3,90 2,91 2,96 4,97 2,98 2,99 2,101 4,102 1,103 2,111 23,112 12,113 1,115 1,117 4,119 1,120 3,121 4,168 27,171 42,172 22,173 16,174 1,175 3,176 2,179 1,180 1,181 1,182 1,210 28,211 7,212 1,244 2,245 20,247 1,248 27,250 62,251 53,252 10,253 7,254 2,255 4,257 40,258 1,288 25,289 100,292 68,293 5,294 24,316 48,318 4,319 62,320 7,321 9,393 39,394 74,395 40,396 55,414 3,431 7,432 7,433 8,434 5,435 2,436 1,437 4,441 1,442 2,445 1,446 1,452 1,453 
41 2,27 3,28 1,29 1,30 2,31 4,42 1,44 1,111 2,112 1,164 4,168 12,172 3,179 1,180 1,181 2,182 1,184 2,210 5,211 12,212 1,227 2,244 2,246 2,247 1,250 14,251 13,252 8,253 10,254 1,257 11,258 2,289 6,292 57,293 4,296 20,316 54,317 17,318 38,319 19,320 37,321 22,322 3,323 1,324 10,327 1,328 1,338 1,340 8,394 21,395 15,396 3,397 1,398 1,399 1,402 
42 2,27 3,28 1,29 1,30 2,31 4,41 1,44 1,111 1,212 2,252 1,289 1,293 2,395 1,397 
43 2,30 1,31 1,33 3,44 2,46 1,49 1,168 1,175 1,211 1,252 1,253 1,254 1,293 1,318 1,334 1,343 1,394 1,396 1,398 1,414 
44 1,17 4,21 4,23 2,24 4,26 4,30 2,31 3,33 1,40 1,41 1,42 3,43 1,51 1,168 1,175 1,211 3,212 1,250 1,252 2,253 1,254 1,292 1,293 1,317 2,318 1,334 1,343 1,395 1,397 1,398 1,414 
45 1,46 1,48 1,51 1,58 1,60 1,212 1,252 1,253 1,317 
46 1,29 1,32 1,34 2,43 1,45 1,48 1,49 2,168 1,179 1,212 2,252 1,253 1,254 1,257 1,293 1,317 1,323 1,331 1,332 1,340 1,394 2,396 1,414 
47 1,34 1,48 2,51 1,247 2,293 1,317 1,399 
48 1,45 1,46 1,47 1,49 1,51 1,56 1,59 1,64 1,212 1,252 1,255 1,293 2,317 1,399 
49 1,43 1,46 1,48 2,56 1,57 1,59 1,168 1,210 1,252 1,255 1,293 1,294 1,394 1,395 1,435 
50 
51 1,28 4,32 2,33 2,34 1,44 1,45 2,47 1,48 1,54 2,56 4,58 2,60 2,168 2,175 2,212 1,228 1,245 1,247 1,250 2,253 1,254 2,255 3,257 1,258 1,290 6,293 3,317 2,396 1,399 
52 1,55 2,56 4,57 4,58 2,59 1,60 2,168 3,172 1,255 1,257 1,258 1,317 1,396 1,435 
53 2,66 2,69 2,306 1,331 1,333 1,336 
54 1,29 1,30 1,31 2,32 3,33 2,34 1,51 1,57 1,59 1,257 1,293 1,396 1,435 
55 1,52 1,56 2,57 2,58 2,59 1,172 1,228 1,255 1,257 1,435 
56 1,48 2,49 2,51 2,52 1,55 4,57 5,58 4,59 2,168 1,172 1,212 3,228 1,255 1,257 1,317 1,395 1,396 1,435 
57 1,49 4,52 1,54 2,55 4,56 5,58 5,59 1,168 3,172 3,228 2,255 1,257 1,258 1,395 1,396 4,435 
58 1,45 4,51 4,52 2,55 5,56 5,57 4,59 4,60 3,168 1,172 1,212 4,228 1,253 3,255 1,257 1,258 3,317 2,396 1,435 
59 1,48 1,49 2,52 1,54 2,55 4,56 5,57 4,58 1,168 3,172 3,228 3,255 1,258 1,396 2,435 
60 1,45 2,51 1,52 4,58 1,168 1,228 1,253 1,255 2,317 1,435 
61 2,66 5,69 4,71 3,306 
62 1,68 1,71 
63 2,64 1,65 1,69 2,72 
64 1,48 2,63 2,65 2,69 1,72 1,306 
65 1,63 2,64 2,69 1,306 
66 1,35 2,53 2,61 8,69 1,71 2,80 5,306 
67 2,69 1,73 1,74 1,161 1,162 1,163 1,461 
68 1,62 2,69 3,71 1,75 1,77 1,79 1,307 
69 1,35 2,53 5,61 1,63 2,64 2,65 8,66 2,67 2,68 4,71 1,73 1,74 9,306 1,461 
70 1,71 
71 4,61 1,62 1,66 3,68 4,69 1,70 2,306 
72 2,63 1,64 
73 1,67 1,69 1,74 1,461 
74 1,67 1,69 1,73 1,170 1,390 
75 1,68 1,213 
76 1,77 1,79 1,80 1,82 6,389 
77 1,68 1,76 1,79 7,80 7,81 1,389 
78 2,79 2,81 2,82 1,374 1,389 
79 1,68 1,76 1,77 2,78 1,81 1,82 1,374 
80 2,66 1,76 7,77 1,82 
81 7,77 2,78 1,79 2,82 
82 1,76 2,78 1,79 1,80 2,81 1,83 
83 1,82 3,213 
84 13,39 29,40 41,113 1,119 1,121 1,124 17,172 18,211 2,212 2,243 4,247 6,250 17,251 30,252 10,253 1,257 1,258 35,292 48,293 40,320 1,353 7,394 23,395 25,396 2,435 
85 6,39 6,40 46,86 7,92 1,94 1,103 3,113 1,116 1,119 1,121 1,125 2,168 12,172 3,211 4,212 2,243 1,244 2,247 4,250 8,251 8,252 2,253 6,254 1,255 29,293 20,320 1,393 6,394 8,395 12,396 1,397 3,435 
86 8,39 7,40 46,85 12,88 10,92 1,93 4,113 9,119 3,121 3,168 15,172 3,211 10,212 1,243 1,244 2,247 4,250 7,251 10,252 4,253 7,254 1,255 30,293 23,320 1,393 6,394 8,395 14,396 2,397 1,398 3,435 
87 9,39 1,40 34,88 55,89 1,90 8,92 6,93 1,96 1,97 4,103 4,113 20,119 8,121 15,168 3,172 1,211 20,212 1,243 1,250 5,252 13,253 14,254 3,255 3,257 1,292 1,293 4,320 5,395 5,396 2,397 2,398 7,435 
88 7,39 2,40 12,86 34,87 32,89 3,91 10,92 7,93 1,94 4,113 23,119 4,121 10,168 3,172 17,212 1,243 8,252 9,253 7,254 3,255 1,257 1,292 4,320 3,395 6,396 2,397 2,398 2,435 
89 8,39 1,40 55,87 32,88 1,90 6,91 7,92 10,93 1,94 3,96 3,97 1,100 5,103 1,113 22,119 11,121 15,168 4,172 1,211 23,212 1,243 1,250 6,252 11,253 13,254 4,255 5,257 1,292 1,293 3,320 5,395 6,396 2,397 2,398 11,435 
90 1,39 3,40 1,87 1,89 46,91 6,92 33,93 36,94 16,96 14,97 1,98 1,99 8,100 4,102 3,103 2,104 1,113 21,119 11,121 4,168 7,172 8,212 5,252 11,253 9,254 2,255 9,257 1,394 4,395 7,396 1,398 26,435 
91 2,40 3,88 6,89 46,90 7,92 36,93 31,94 17,96 13,97 1,98 7,100 5,102 2,103 3,104 24,119 8,121 6,168 5,172 1,212 5,252 9,253 7,254 2,255 12,257 1,320 1,394 3,395 6,396 1,398 30,435 
92 3,39 7,85 10,86 8,87 10,88 7,89 6,90 7,91 2,93 5,94 5,96 8,97 1,98 1,99 6,102 4,113 6,119 4,121 4,168 5,172 9,212 1,250 3,252 5,253 4,254 3,255 2,257 2,293 3,320 1,394 1,395 5,396 1,398 1,399 3,435 
93 2,39 1,86 6,87 7,88 10,89 33,90 36,91 2,92 24,94 8,96 11,97 3,98 5,99 10,100 3,101 10,102 2,103 4,104 1,113 17,119 8,121 6,168 3,172 10,212 6,252 12,253 11,254 8,257 3,320 5,395 4,396 1,398 24,435 
94 1,39 1,85 1,88 1,89 36,90 31,91 5,92 24,93 9,96 19,97 12,98 11,99 10,100 1,101 14,102 8,103 2,104 1,116 9,119 11,121 1,125 5,168 8,172 5,212 1,243 4,252 4,253 9,254 1,255 9,257 1,320 1,394 2,395 3,396 1,398 16,435 
95 
96 2,40 1,87 3,89 16,90 17,91 5,92 8,93 9,94 5,97 1,100 9,119 5,121 3,168 2,172 3,212 4,253 5,254 1,255 6,257 1,320 1,395 2,396 11,435 
97 2,39 4,40 1,87 3,89 14,90 13,91 8,92 11,93 19,94 5,96 17,98 23,99 20,100 5,101 29,102 13,103 6,104 1,113 19,121 11,168 8,172 2,212 1,252 1,253 11,254 9,255 8,257 3,320 3,395 4,396 2,399 13,435 
98 2,39 2,40 1,90 1,91 1,92 3,93 12,94 17,97 36,99 3,100 18,101 31,102 14,103 17,104 1,113 7,121 4,168 2,172 1,250 1,252 2,253 6,254 8,255 5,257 1,320 2,395 4,396 6,435 
99 2,40 1,90 1,92 5,93 11,94 23,97 36,98 7,100 23,101 36,102 15,103 16,104 13,121 11,168 8,172 2,253 11,254 12,255 4,257 3,396 1,399 5,435 
100 1,89 8,90 7,91 10,93 10,94 1,96 20,97 3,98 7,99 9,102 5,103 5,104 8,121 4,168 4,172 1,212 1,252 4,254 3,255 2,257 2,396 1,435 
101 2,40 3,93 1,94 5,97 18,98 23,99 20,102 12,103 14,104 6,121 11,168 3,172 1,250 2,253 5,254 4,255 6,257 3,396 1,399 
102 1,39 4,40 4,90 5,91 6,92 10,93 14,94 29,97 31,98 36,99 9,100 20,101 10,103 12,104 1,113 15,121 14,168 6,172 1,244 1,245 1,252 2,253 11,254 12,255 8,257 2,320 1,354 1,395 2,396 1,399 9,435 
103 1,39 1,40 1,85 4,87 5,89 3,90 2,91 2,93 8,94 13,97 14,98 15,99 5,100 12,101 10,102 5,104 1,116 1,119 11,121 1,125 9,168 6,172 1,243 2,250 4,254 3,255 6,257 2,395 4,396 1,399 1,435 
104 2,90 3,91 4,93 2,94 6,97 17,98 16,99 5,100 14,101 12,102 5,103 2,121 5,168 1,172 1,250 1,252 2,253 1,254 4,255 5,257 3,396 1,398 1,435 
105 4,106 2,107 4,108 
106 4,105 5,107 5,108 7,306 
107 2,105 5,106 5,108 1,109 1,136 3,306 1,338 1,344 
108 4,105 5,106 5,107 4,109 1,110 2,136 1,306 
109 1,107 4,108 
110 1,108 
111 1,28 118,39 2,40 1,41 1,42 2,172 192,210 70,211 1,246 122,247 2,248 144,250 6,251 3,252 90,258 2,286 43,287 208,288 127,289 13,292 1,293 38,315 6,316 1,318 2,391 38,392 164,393 92,394 6,395 1,396 79,413 91,414 1,431 
112 66,39 23,40 2,41 1,171 11,172 2,173 1,179 24,210 167,211 2,212 1,223 1,224 1,246 150,247 1,248 88,250 32,251 10,252 2,253 118,258 2,259 1,260 3,261 1,262 1,265 6,287 45,288 227,289 51,292 9,293 1,294 7,315 15,316 3,317 6,318 1,319 9,392 69,393 160,394 26,395 8,396 173,413 130,414 1,431 2,432 1,433 1,461 
113 8,39 12,40 41,84 3,85 4,86 4,87 4,88 1,89 1,90 4,92 1,93 1,97 1,98 1,102 3,115 3,120 1,121 2,168 2,172 1,210 11,211 3,212 1,222 3,243 1,244 1,245 1,246 3,247 4,250 17,251 24,252 6,253 1,254 1,255 1,257 13,258 3,289 42,292 22,293 11,320 1,393 8,394 19,395 17,396 1,397 4,413 11,414 1,415 
114 7,115 1,118 3,120 1,124 1,127 1,133 1,137 1,212 1,222 2,243 1,244 1,250 4,251 1,253 1,292 6,293 2,395 3,396 2,415 
115 1,40 3,113 7,114 5,117 5,118 5,120 1,124 4,127 1,128 4,212 5,243 1,244 3,250 5,251 1,252 1,253 2,254 4,292 7,293 1,295 3,353 1,394 4,395 3,396 4,415 1,452 
116 1,85 1,94 1,103 3,117 1,119 2,123 2,124 2,125 5,127 2,128 1,212 3,243 1,254 1,258 1,292 1,395 
117 1,40 5,115 3,116 3,118 2,119 5,120 5,123 8,124 2,125 10,127 9,128 1,129 1,133 6,212 4,243 3,253 2,254 3,257 2,258 1,292 1,293 1,295 1,320 1,353 1,394 1,395 1,396 2,415 
118 1,114 5,115 3,117 2,119 1,123 3,124 1,125 6,127 1,128 5,212 1,222 1,251 2,253 3,254 1,257 3,258 3,293 1,353 2,396 1,415 1,452 
119 4,39 4,40 1,84 1,85 9,86 20,87 23,88 22,89 21,90 24,91 6,92 17,93 9,94 9,96 1,103 1,116 2,117 2,118 1,120 1,121 1,123 1,124 2,127 1,128 4,168 1,172 1,211 12,212 6,252 9,253 12,254 1,255 9,257 1,258 2,293 4,320 1,353 1,394 4,395 10,396 1,397 2,398 1,415 18,435 
120 1,40 3,113 3,114 5,115 5,117 1,119 1,124 2,127 1,128 2,212 1,222 1,243 1,244 1,246 1,251 2,252 1,253 1,254 1,258 1,289 2,292 3,293 1,295 1,394 2,395 2,396 1,414 3,415 
121 1,39 3,40 1,84 1,85 3,86 8,87 4,88 11,89 11,90 8,91 4,92 8,93 11,94 5,96 19,97 7,98 13,99 8,100 6,101 15,102 11,103 2,104 1,113 1,119 11,168 6,172 1,211 9,212 1,252 3,253 18,254 5,255 5,257 2,320 1,395 6,396 10,435 
122 
123 2,116 5,117 1,118 1,119 5,124 1,125 1,126 6,127 4,128 3,212 1,243 1,253 2,254 2,257 2,258 1,292 2,353 1,395 1,415 
124 1,84 1,114 1,115 2,116 8,117 3,118 1,119 1,120 5,123 3,125 1,126 9,127 5,128 6,212 1,222 1,243 2,253 1,254 3,257 3,258 1,292 1,293 1,320 3,353 1,394 1,395 
125 1,85 1,94 1,103 2,116 2,117 1,118 1,123 3,124 5,127 2,128 1,238 1,243 1,254 1,257 2,258 1,292 1,320 2,353 1,395 1,415 1,431 
126 1,123 1,124 1,212 1,258 1,353 
127 1,114 4,115 5,116 10,117 6,118 2,119 2,120 6,123 9,124 5,125 7,128 6,212 1,222 1,238 3,243 4,254 1,257 3,258 3,292 1,293 3,353 1,395 2,396 4,415 1,431 1,452 
128 1,115 2,116 9,117 1,118 1,119 1,120 4,123 5,124 2,125 7,127 1,212 2,243 2,254 4,257 1,320 2,395 1,396 
129 1,117 1,130 1,131 1,133 1,134 2,137 
130 1,129 1,135 1,137 
131 1,129 1,134 1,136 
132 3,133 2,134 1,135 1,136 
133 1,114 1,117 1,129 3,132 1,134 1,137 
134 1,129 1,131 2,132 1,133 1,136 
135 1,130 1,132 
136 1,107 2,108 1,131 1,132 1,134 
137 1,114 2,129 1,130 1,133 
138 1,139 
139 1,138 
140 5,172 8,173 1,174 2,211 2,212 1,244 5,250 11,251 2,252 1,253 1,254 5,259 16,260 6,261 19,262 1,263 5,292 14,293 2,295 1,393 6,394 5,395 3,396 
141 1,39 12,142 2,144 1,145 1,149 1,150 2,172 9,173 7,174 7,212 3,252 10,253 7,254 1,256 1,259 9,260 3,261 1,263 10,264 3,265 6,267 6,268 1,269 1,272 1,274 1,288 1,290 1,292 4,293 5,295 1,365 2,394 3,395 2,396 1,397 1,435 6,461 
142 1,39 12,141 2,144 2,145 4,146 3,147 1,148 1,150 5,172 12,173 7,174 3,211 2,212 1,244 1,250 3,251 9,252 8,253 6,254 1,256 11,260 2,261 16,262 1,263 4,264 1,266 3,268 1,269 1,270 1,271 1,272 1,276 2,292 6,293 9,295 4,394 5,395 3,396 1,398 4,461 
143 4,2 1,165 4,214 1,252 1,253 3,259 7,260 12,265 2,272 2,353 1,354 7,357 6,360 4,361 1,366 1,367 7,368 13,370 15,371 2,380 1,385 4,386 2,387 1,396 1,397 2,399 
144 1,39 2,141 2,142 6,145 2,146 4,147 2,148 2,149 3,150 5,151 2,152 1,153 3,174 1,181 1,182 1,183 2,184 2,185 1,187 1,190 7,212 1,252 2,253 3,254 1,255 4,256 2,257 1,260 4,264 1,265 1,267 3,268 2,269 1,295 1,353 1,394 2,395 3,396 1,435 6,461 
145 1,141 2,142 6,144 4,146 3,147 2,149 1,151 2,173 2,174 10,212 1,251 3,252 6,253 4,254 3,255 5,256 5,264 3,265 4,266 8,267 11,268 3,269 2,270 2,271 3,272 3,274 5,275 4,277 1,278 3,295 1,394 1,395 6,396 2,435 7,461 
146 4,142 2,144 4,145 11,147 4,148 4,149 6,150 9,151 5,152 3,153 1,156 2,173 5,174 4,212 2,252 2,253 2,254 1,255 5,256 1,257 1,263 2,264 1,266 4,268 6,269 1,270 2,271 1,274 2,276 3,295 1,296 1,394 2,397 1,435 4,461 
147 3,142 4,144 3,145 11,146 1,148 9,149 4,150 13,151 3,152 5,153 1,173 1,174 3,212 1,252 2,253 1,254 1,255 6,256 3,264 1,265 1,266 5,268 4,269 1,270 1,271 1,276 1,293 1,295 1,296 1,396 1,399 3,461 
148 1,39 1,142 2,144 4,146 1,147 1,149 8,150 18,151 17,152 4,153 2,212 2,253 6,254 1,255 1,256 1,263 1,265 1,266 2,267 6,268 2,269 2,272 1,274 2,278 1,296 1,304 2,396 1,397 2,435 1,452 
149 1,141 2,144 2,145 4,146 9,147 1,148 1,150 7,151 4,152 4,153 1,182 1,183 2,190 1,193 3,212 1,252 2,253 1,254 2,255 2,256 4,264 1,265 1,266 4,268 2,269 1,296 2,396 1,397 1,399 2,461 
150 2,39 1,141 1,142 3,144 6,146 4,147 8,148 1,149 12,151 8,152 1,153 2,156 1,173 2,174 1,184 1,187 1,192 4,212 2,253 5,254 1,255 3,256 2,257 2,263 3,264 1,265 5,266 1,267 2,268 7,269 11,270 9,271 3,272 5,273 4,274 5,275 7,276 4,277 2,278 1,296 1,304 1,320 2,395 2,396 1,435 2,452 
151 1,39 5,144 1,145 9,146 13,147 18,148 7,149 12,150 20,152 9,153 1,173 1,174 5,212 1,252 3,253 6,254 1,255 6,256 1,263 1,264 2,265 2,266 2,267 9,268 3,269 1,270 1,271 2,272 1,274 1,276 2,278 1,293 1,296 1,304 3,396 1,397 1,399 2,435 1,452 2,461 
152 2,39 2,144 5,146 3,147 17,148 4,149 8,150 20,151 7,153 1,154 2,174 4,212 1,252 2,253 7,254 1,255 3,256 2,263 1,265 2,266 2,267 6,268 3,269 2,272 2,278 1,296 1,304 3,396 2,397 1,399 2,435 1,452 1,461 
153 1,144 3,146 5,147 4,148 4,149 1,150 9,151 7,152 1,173 1,174 2,212 2,254 2,256 2,268 2,269 1,272 1,278 1,293 2,396 1,397 1,399 1,435 1,461 
154 1,39 1,152 2,155 1,156 2,157 1,158 1,159 1,256 1,279 1,281 2,282 1,396 
155 2,154 6,156 3,157 1,158 1,283 1,284 
156 1,146 2,150 1,154 6,155 4,157 1,158 1,194 1,213 1,264 
157 2,154 3,155 4,156 1,158 1,194 1,213 
158 1,154 1,155 1,156 1,157 2,159 1,194 1,282 
159 1,154 2,158 1,282 
160 2,162 2,163 
161 1,67 1,162 1,163 
162 1,67 2,160 1,161 3,163 
163 1,35 1,67 2,160 1,161 3,162 
164 9,1 1,41 22,210 33,211 11,212 1,227 16,247 1,248 26,250 10,251 6,252 5,259 37,290 49,291 1,315 1,317 2,352 1,353 2,354 29,365 39,366 1,367 12,385 1,386 1,387 3,392 17,393 26,394 10,395 1,396 1,397 1,398 1,402 30,430 
165 13,1 7,2 1,143 1,210 4,211 9,212 1,247 6,250 8,251 3,252 2,253 3,259 7,291 8,352 1,353 9,354 5,365 8,366 1,367 13,385 3,386 5,387 2,393 5,394 7,395 4,396 2,397 5,430 
166 1,1 2,2 3,8 6,167 4,214 3,215 2,217 1,218 1,251 2,252 2,253 3,255 1,257 3,352 2,353 1,356 2,357 1,358 3,359 4,360 6,361 2,366 3,377 2,379 1,380 1,382 1,383 3,386 2,387 2,388 1,392 2,396 
167 3,2 6,166 6,214 3,215 3,217 4,218 2,252 1,254 1,255 5,257 1,290 5,352 5,353 3,356 4,357 4,359 8,360 12,361 1,366 5,377 4,378 3,379 4,380 3,382 3,383 1,386 8,388 1,392 1,395 2,396 
168 2,39 4,40 4,41 1,43 1,44 2,46 1,49 2,51 2,52 2,56 1,57 3,58 1,59 1,60 2,85 3,86 15,87 10,88 15,89 4,90 6,91 4,92 6,93 5,94 3,96 11,97 4,98 11,99 4,100 11,101 14,102 9,103 5,104 2,113 4,119 11,121 19,172 9,179 1,210 26,212 1,228 1,243 1,244 2,246 1,250 2,251 11,252 19,253 20,254 6,255 8,257 7,258 3,292 9,293 2,294 4,296 1,297 2,298 1,299 2,300 2,301 2,303 5,317 1,318 8,319 6,320 6,321 9,322 20,323 8,324 18,325 20,326 24,327 8,328 12,331 3,332 5,333 3,334 2,335 1,336 2,337 2,338 7,339 9,340 14,341 4,342 7,343 1,394 5,395 16,396 1,397 1,399 2,432 1,433 7,434 16,435 6,436 5,437 2,439 2,440 6,441 4,442 1,444 6,445 1,447 1,449 1,450 1,451 2,452 
169 7,13 1,14 3,219 9,362 1,372 1,373 5,389 
170 2,14 1,15 1,74 3,219 1,220 1,362 3,363 1,364 4,372 3,373 2,384 5,390 
171 5,39 27,40 1,112 48,172 22,173 13,174 1,176 2,179 8,211 1,212 6,247 6,250 18,251 13,252 6,253 1,257 7,258 37,292 26,293 1,315 7,317 14,318 1,353 1,392 3,393 10,394 13,395 13,396 1,398 1,461 
172 14,39 42,40 12,41 3,52 1,55 1,56 3,57 1,58 3,59 17,84 12,85 15,86 3,87 3,88 4,89 7,90 5,91 5,92 3,93 8,94 2,96 8,97 2,98 8,99 4,100 3,101 6,102 6,103 1,104 2,111 11,112 2,113 1,119 6,121 5,140 2,141 5,142 19,168 48,171 2,173 3,174 1,180 2,182 1,189 3,210 19,211 21,212 1,227 1,228 1,243 3,244 1,245 12,247 15,250 51,251 35,252 23,253 21,254 5,255 4,257 24,258 6,259 4,260 5,261 6,262 1,288 1,289 66,292 59,293 6,294 2,295 2,296 1,315 3,316 11,317 19,318 9,319 20,320 5,321 13,322 13,323 6,324 19,325 6,326 19,327 5,328 2,338 1,339 3,340 2,341 2,343 5,393 20,394 41,395 30,396 3,397 3,398 1,399 1,400 1,401 1,414 1,415 3,431 3,432 10,433 5,434 8,435 4,436 1,442 2,445 2,446 1,449 1,451 2,452 1,461 
173 2,39 22,40 2,112 8,140 9,141 12,142 2,145 2,146 1,147 1,150 1,151 1,153 22,171 2,172 79,174 3,177 7,179 1,181 2,182 1,184 2,193 1,210 5,211 10,212 2,244 1,245 4,247 11,250 17,251 30,252 17,253 7,254 1,256 1,257 11,258 11,260 1,261 18,262 4,264 4,268 1,292 75,293 11,295 2,296 25,317 25,318 2,353 1,392 13,394 29,395 29,396 1,398 1,399 2,435 5,461 
174 4,39 16,40 1,140 7,141 7,142 3,144 2,145 5,146 1,147 2,150 1,151 2,152 1,153 13,171 3,172 79,173 15,177 14,179 1,180 8,181 6,182 1,184 2,190 1,193 1,210 3,211 15,212 1,245 5,247 8,250 16,251 34,252 13,253 8,254 3,256 1,257 11,258 2,260 3,261 6,262 1,263 4,264 1,267 2,268 3,269 1,292 57,293 6,295 2,296 29,317 28,318 4,353 11,394 22,395 30,396 1,397 2,398 1,434 3,435 1,437 1,438 1,439 1,444 1,447 1,452 8,461 
175 1,28 2,29 2,30 3,31 1,32 2,33 1,34 1,40 1,43 1,44 2,51 1,211 2,250 2,254 1,290 2,318 1,396 
176 3,39 3,40 1,171 25,177 21,179 34,180 21,181 14,182 1,190 1,191 5,192 2,193 2,211 20,212 1,247 1,250 5,251 10,252 10,253 11,254 4,255 3,257 3,258 3,293 6,295 10,296 8,317 4,318 1,320 7,353 2,393 2,394 7,395 5,396 1,397 4,435 7,461 
177 3,173 15,174 25,176 17,179 15,180 18,181 11,182 3,184 1,187 2,189 1,191 3,192 5,193 1,211 13,212 1,246 1,250 3,251 4,252 13,253 9,254 7,255 4,257 1,258 2,293 4,295 11,296 10,317 6,318 5,353 2,394 5,395 7,396 1,397 1,399 5,435 10,461 
178 
179 1,39 2,40 3,41 1,46 1,112 9,168 2,171 7,173 14,174 21,176 17,177 3,180 5,181 1,182 1,183 1,185 1,190 1,193 2,211 14,212 3,228 1,244 2,245 1,247 1,250 4,251 7,252 17,253 17,254 4,255 1,257 3,258 8,293 2,295 10,296 1,316 6,317 7,318 4,319 1,320 2,321 3,322 9,323 3,324 9,325 12,326 16,327 9,328 9,331 4,332 4,333 6,334 4,335 5,337 2,338 5,339 2,340 12,341 7,342 7,343 6,353 2,393 3,394 9,395 13,396 2,397 2,398 1,399 7,435 3,461 
180 1,39 1,40 1,41 1,172 1,174 34,176 15,177 3,179 52,181 48,182 5,184 1,186 1,187 1,188 4,189 3,191 11,192 6,193 25,212 1,247 3,251 10,252 10,253 18,254 10,255 7,257 2,258 1,293 11,295 17,296 1,297 10,317 10,318 10,353 1,393 1,394 5,395 10,396 2,397 1,399 6,435 19,461 
181 2,39 1,40 1,41 1,144 1,173 8,174 21,176 18,177 5,179 52,180 42,182 2,184 1,186 1,187 6,192 4,193 19,212 1,247 2,251 7,252 10,253 21,254 10,255 11,257 3,258 3,293 11,295 12,296 1,297 12,317 10,318 4,353 1,394 3,395 11,396 8,435 13,461 
182 3,39 1,40 2,41 1,144 1,149 2,172 2,173 6,174 14,176 11,177 1,179 48,180 42,181 3,184 1,185 1,188 2,189 2,190 3,191 9,192 2,193 17,212 1,251 10,252 9,253 17,254 9,255 9,257 2,258 2,293 10,295 14,296 2,297 1,300 7,317 8,318 7,353 1,394 3,395 9,396 1,397 9,435 15,461 
183 1,144 1,149 1,179 6,184 5,185 1,188 5,190 1,192 4,195 3,198 1,201 1,202 2,212 1,254 3,255 2,257 2,302 2,317 3,353 2,396 1,435 1,452 
184 2,39 1,41 2,144 1,150 1,173 1,174 3,177 5,180 2,181 3,182 6,183 10,185 4,186 8,187 5,188 11,189 17,190 14,191 14,192 25,193 3,212 2,227 1,243 1,245 1,246 1,252 6,254 4,255 10,257 5,295 9,296 2,300 2,301 2,302 2,303 2,305 6,317 1,318 1,331 14,353 1,395 9,396 1,399 2,415 8,435 1,452 10,461 
185 2,144 1,179 1,182 5,183 10,184 2,186 2,187 4,188 11,190 5,193 1,195 1,201 1,202 2,212 4,254 4,255 6,257 1,297 1,300 1,302 1,318 5,353 3,396 1,399 4,435 1,452 2,461 
186 1,39 1,180 1,181 4,184 2,185 2,190 1,192 5,193 1,195 1,201 1,202 2,254 5,257 1,295 2,318 2,353 2,396 3,435 2,452 2,461 
187 1,144 1,150 1,177 1,180 1,181 8,184 2,185 1,188 2,189 3,190 1,191 4,192 3,193 1,246 1,253 1,255 4,257 1,296 1,331 1,353 2,396 2,435 2,461 
188 1,39 1,180 1,182 1,183 5,184 4,185 1,187 4,190 2,193 1,198 1,201 1,212 2,254 1,255 1,257 1,396 
189 1,172 2,177 4,180 2,182 11,184 2,187 4,191 4,192 10,193 1,212 1,254 2,255 2,257 2,295 6,296 3,317 9,353 2,396 1,399 4,435 4,461 
190 1,39 1,144 2,149 2,174 1,176 1,179 2,182 5,183 17,184 11,185 2,186 3,187 4,188 5,192 14,193 4,194 1,195 2,199 1,200 2,201 3,212 1,227 1,252 1,253 6,254 3,255 6,257 1,295 4,296 2,302 4,317 1,318 9,353 6,396 8,435 6,461 
191 1,39 1,176 1,177 3,180 3,182 14,184 1,187 4,189 5,192 12,193 1,212 1,227 2,255 1,257 3,295 5,296 1,317 1,318 6,353 1,396 3,435 8,461 
192 1,39 1,150 5,176 3,177 11,180 6,181 9,182 1,183 14,184 1,186 4,187 4,189 5,190 5,191 11,193 5,212 1,227 1,252 2,253 3,254 3,255 7,257 7,295 8,296 1,302 1,317 3,318 6,353 1,395 1,396 1,399 10,435 8,461 
193 2,39 1,149 2,173 1,174 2,176 5,177 1,179 6,180 4,181 2,182 25,184 5,185 5,186 3,187 2,188 10,189 14,190 12,191 11,192 1,200 2,212 8,254 5,255 9,257 8,295 9,296 3,317 6,318 1,331 12,353 1,395 3,396 8,435 1,452 15,461 
194 1,156 1,157 1,158 4,190 2,195 1,198 5,199 2,200 4,201 1,447 2,457 
195 4,183 1,185 1,186 1,190 2,194 5,198 1,199 1,200 3,201 2,202 
196 4,197 1,199 1,203 
197 4,196 3,199 1,200 2,201 2,203 
198 3,183 1,188 1,194 5,195 1,200 2,201 
199 2,190 5,194 1,195 1,196 3,197 2,200 4,201 1,457 
200 1,190 1,193 2,194 1,195 1,197 1,198 2,199 2,201 1,435 1,455 1,458 1,459 1,460 
201 1,183 1,185 1,186 1,188 2,190 4,194 3,195 2,197 2,198 4,199 2,200 4,202 3,203 
202 1,183 1,185 1,186 2,195 4,201 1,203 1,213 
203 1,196 2,197 3,201 1,202 
204 
205 
206 309,208 242,286 65,287 304,315 193,391 110,392 
207 970,209 2,247 8,250 161,286 765,287 16,288 1,289 901,315 49,391 836,392 4,393 1,394 
208 309,206 242,286 65,287 304,315 193,391 110,392 
209 970,207 2,247 8,250 161,286 765,287 16,288 1,289 901,315 49,391 836,392 4,393 1,394 
210 1,1 1,13 1,17 2,18 1,19 113,39 1,40 2,41 1,49 192,111 24,112 1,113 22,164 1,165 1,168 3,172 1,173 1,174 67,247 171,250 6,251 2,252 1,253 82,258 1,259 8,286 26,287 234,288 34,289 25,290 19,291 9,292 1,293 1,294 27,315 1,316 2,317 2,318 1,320 16,365 6,366 1,385 4,391 27,392 181,393 46,394 9,395 5,396 118,413 7,414 15,430 1,431 
211 4,1 3,2 1,19 1,30 77,39 28,40 5,41 1,43 1,44 18,84 3,85 3,86 1,87 1,89 70,111 167,112 11,113 1,119 1,121 2,140 3,142 33,164 4,165 8,171 19,172 5,173 3,174 1,175 2,176 1,177 2,179 2,222 2,224 2,238 1,243 5,244 2,246 158,247 2,248 100,250 57,251 28,252 7,253 1,257 121,258 6,259 3,260 4,261 6,262 1,263 1,265 5,286 16,287 35,288 229,289 17,290 32,291 62,292 43,293 2,294 2,295 1,296 2,297 19,315 12,316 13,317 11,318 4,319 19,320 2,321 2,354 17,365 27,366 1,372 2,377 3,385 2,386 2,387 1,390 1,391 24,392 63,393 196,394 47,395 24,396 1,397 1,398 1,400 116,413 174,414 3,415 1,416 1,425 23,430 2,431 2,432 2,433 1,434 1,435 1,461 
212 13,1 1,2 2,17 1,18 1,19 2,21 1,23 2,24 2,26 1,27 1,28 1,29 2,30 4,31 1,33 8,39 7,40 12,41 1,42 3,44 1,45 1,46 1,48 2,51 1,56 1,58 2,84 4,85 10,86 20,87 17,88 23,89 8,90 1,91 9,92 10,93 5,94 3,96 2,97 1,100 2,112 3,113 1,114 4,115 1,116 6,117 5,118 12,119 2,120 9,121 3,123 6,124 1,126 6,127 1,128 2,140 7,141 2,142 7,144 10,145 4,146 3,147 2,148 3,149 4,150 5,151 4,152 2,153 11,164 9,165 26,168 1,171 21,172 10,173 15,174 20,176 13,177 14,179 25,180 19,181 17,182 2,183 3,184 2,185 1,188 1,189 3,190 1,191 5,192 2,193 1,225 1,226 2,227 1,228 1,229 1,238 2,239 1,241 1,244 1,245 1,246 2,247 2,248 5,250 19,251 29,252 47,253 45,254 10,255 4,256 8,257 17,258 3,259 6,260 2,261 5,262 1,263 4,264 3,265 6,266 9,267 7,268 1,269 2,270 1,271 6,272 2,274 3,275 3,276 4,277 1,278 1,289 5,290 5,291 11,292 14,293 10,295 10,296 2,297 1,298 1,299 2,300 1,303 1,304 2,316 14,317 7,318 7,319 9,320 5,321 16,322 24,323 4,324 23,325 16,326 32,327 3,328 2,331 2,332 2,333 2,334 1,335 1,337 1,338 2,339 3,340 11,341 2,343 6,353 3,354 7,365 12,366 1,367 1,370 4,377 1,378 11,385 7,386 3,387 3,393 11,394 32,395 29,396 7,397 3,398 1,399 2,400 2,401 2,402 1,404 1,413 2,414 4,415 1,418 5,430 2,432 2,433 8,434 26,435 3,436 5,437 3,439 2,440 2,441 3,442 1,445 1,446 1,448 1,452 16,461 
213 1,75 3,83 1,156 1,157 1,202 1,312 
214 1,2 1,7 4,143 4,166 6,167 1,247 1,249 1,251 3,252 1,253 1,260 2,265 1,272 4,352 6,353 3,357 1,360 3,361 3,366 2,370 3,371 6,377 7,378 7,379 7,380 5,382 7,383 4,386 5,387 3,388 1,392 1,395 2,396 
215 12,3 12,5 2,7 12,8 1,9 1,10 1,11 3,166 3,167 5,217 5,218 2,252 2,253 1,254 3,255 1,352 8,353 1,354 1,356 8,357 4,359 6,360 4,361 1,377 1,380 2,387 3,388 2,395 1,396 
216 
217 1,7 4,8 2,166 3,167 5,215 11,218 3,253 1,352 2,353 9,357 4,359 5,360 1,361 2,366 1,377 1,379 1,387 4,388 1,395 3,396 1,430 
218 1,7 4,8 1,166 4,167 5,215 11,217 1,252 2,253 2,353 10,357 5,359 6,360 2,361 2,366 2,377 1,379 1,380 4,388 2,395 3,396 1,430 
219 5,14 3,169 3,170 2,362 1,363 3,372 1,373 1,375 7,389 2,390 
220 1,15 1,170 4,221 3,363 5,364 1,372 2,384 2,390 
221 1,14 4,220 4,363 3,364 1,372 2,384 1,390 
222 1,113 1,114 1,118 1,120 1,124 1,127 2,211 1,238 1,243 1,244 1,246 1,247 2,251 3,252 1,258 1,289 2,292 2,293 1,318 1,394 2,395 1,396 2,400 2,414 2,415 
223 1,112 5,224 1,227 1,228 2,229 2,239 1,243 2,251 1,252 1,253 1,254 1,258 1,293 1,302 1,394 2,395 1,414 
224 1,112 2,211 5,223 1,227 2,229 2,238 1,239 3,243 3,251 2,252 2,253 1,254 2,258 2,289 1,292 3,293 1,394 4,395 1,396 2,414 1,415 
225 1,212 4,226 1,227 1,228 2,229 2,230 2,231 1,238 1,240 1,241 1,242 1,243 1,253 1,254 1,255 1,258 1,302 1,395 1,396 2,402 1,415 
226 1,212 4,225 1,227 1,229 1,230 1,231 1,238 1,243 1,253 1,254 1,255 1,395 1,396 2,402 1,415 
227 1,41 1,164 1,172 2,184 1,190 1,191 1,192 2,212 1,223 1,224 1,225 1,226 1,229 1,238 1,252 1,253 3,254 1,292 2,317 1,318 1,394 1,396 2,400 2,401 4,402 2,404 1,405 1,406 1,435 
228 1,51 1,55 3,56 3,57 4,58 3,59 1,60 1,168 1,172 3,179 1,212 1,223 1,225 2,239 1,240 2,241 1,242 1,246 1,253 2,254 1,255 1,257 1,258 1,296 2,302 1,319 1,322 2,323 3,324 1,325 3,326 4,327 4,328 4,331 3,333 1,334 1,337 4,339 3,340 3,341 1,342 4,343 1,395 2,396 1,418 3,435 
229 1,212 2,223 2,224 2,225 1,226 1,227 3,230 1,231 2,238 4,239 1,246 1,253 2,254 1,257 1,258 2,293 1,395 1,396 1,402 
230 2,225 1,226 3,229 1,231 2,238 1,239 1,245 1,246 1,253 1,254 1,257 1,258 1,395 1,402 
231 2,225 1,226 1,229 1,230 1,255 1,258 1,402 1,415 
232 1,233 1,235 
233 1,232 1,234 2,235 1,237 
234 1,233 
235 1,232 2,233 1,237 
236 1,389 
237 1,233 1,235 
238 1,125 1,127 2,211 1,212 1,222 2,224 1,225 1,226 1,227 2,229 2,230 2,239 1,244 1,245 1,246 1,251 1,253 1,254 1,257 3,293 1,353 1,395 1,396 3,402 2,415 1,431 
239 2,212 2,223 1,224 2,228 4,229 1,230 2,238 1,241 1,246 1,253 2,254 1,257 2,293 1,302 1,396 1,402 1,418 
240 1,225 1,228 1,241 1,242 1,302 
241 1,212 1,225 2,228 1,239 1,240 1,242 1,254 1,302 1,418 
242 1,225 1,228 1,240 1,241 1,302 
243 2,84 2,85 1,86 1,87 1,88 1,89 1,94 1,103 3,113 2,114 5,115 3,116 4,117 1,120 1,123 1,124 1,125 3,127 2,128 1,168 1,172 1,184 1,211 1,222 1,223 3,224 1,225 1,226 3,250 3,251 5,252 1,253 1,254 2,258 1,261 1,263 4,289 6,292 6,293 1,295 1,300 1,301 1,303 1,305 1,324 1,331 1,341 3,353 3,394 5,395 5,396 1,404 1,405 1,406 1,407 2,413 4,414 2,415 1,416 1,417 
244 1,40 2,41 1,85 1,86 1,102 1,113 1,114 1,115 1,120 1,140 1,142 1,168 3,172 2,173 1,179 5,211 1,212 1,222 1,238 1,245 1,250 2,251 1,252 2,253 2,255 3,258 1,288 5,292 4,293 1,295 1,317 1,318 1,319 2,321 1,326 1,327 1,335 1,341 1,354 1,395 3,396 1,413 2,414 1,415 1,434 1,439 1,440 1,442 1,444 
245 1,1 1,8 1,32 1,33 1,34 2,40 1,51 1,102 1,113 1,172 1,173 1,174 2,179 1,184 1,212 1,230 1,238 1,244 2,253 3,254 1,255 2,258 1,266 1,270 1,276 1,277 1,290 5,293 2,295 1,296 1,297 2,299 1,300 1,301 1,303 1,305 1,317 1,326 1,331 2,333 2,334 1,337 1,339 1,340 1,343 2,354 2,365 1,396 1,398 1,402 2,414 2,415 2,435 1,436 1,445 1,453 
246 2,41 1,111 1,112 1,113 1,120 2,168 1,177 1,184 1,187 2,211 1,212 1,222 1,228 1,229 1,230 1,238 1,239 2,252 2,253 1,254 1,257 2,258 1,287 3,293 1,295 1,296 2,297 1,315 1,321 1,322 1,327 1,340 1,353 1,392 1,394 2,395 1,404 1,405 1,406 1,420 1,422 1,423 1,424 1,434 1,435 1,436 1,445 1,461 
247 3,1 1,19 1,34 89,39 20,40 2,41 1,47 1,51 4,84 2,85 2,86 122,111 150,112 3,113 16,164 1,165 6,171 12,172 4,173 5,174 1,176 1,179 1,180 1,181 2,207 2,209 67,210 158,211 2,212 1,214 1,222 1,249 1,250 1,252 100,258 3,259 1,260 1,261 1,262 8,286 18,287 79,288 219,289 11,290 17,291 35,292 13,293 17,315 9,316 4,317 9,318 3,319 7,320 2,321 2,357 1,358 14,365 9,366 1,377 1,380 1,382 1,383 2,388 2,391 19,392 92,393 159,394 23,395 9,396 125,413 138,414 14,430 1,435 
248 1,40 2,111 1,112 1,164 2,211 2,212 1,258 2,288 2,289 1,290 1,291 2,315 1,316 1,317 1,365 2,392 1,393 2,413 3,414 1,425 1,427 
249 1,1 1,214 1,247 1,353 1,357 1,378 1,380 1,387 1,388 1,394 
250 4,1 2,2 1,17 1,28 1,29 1,31 112,39 27,40 1,41 1,44 1,51 6,84 4,85 4,86 1,87 1,89 1,92 1,98 1,101 2,103 1,104 144,111 88,112 4,113 1,114 3,115 5,140 1,142 26,164 6,165 1,168 6,171 15,172 11,173 8,174 2,175 1,176 1,177 1,179 8,207 8,209 171,210 100,211 5,212 3,243 1,244 1,247 1,257 91,258 10,259 3,260 6,261 4,262 1,263 3,286 29,287 156,288 108,289 22,290 23,291 37,292 25,293 2,294 23,315 12,316 12,317 9,318 4,319 9,320 3,321 2,352 1,353 1,354 12,365 13,366 1,377 4,385 2,387 2,391 24,392 160,393 111,394 34,395 11,396 133,413 70,414 2,415 15,430 2,431 2,432 1,433 2,435 1,461 
251 7,1 6,2 1,27 1,28 1,29 19,39 62,40 14,41 17,84 8,85 7,86 6,111 32,112 17,113 4,114 5,115 1,118 1,120 11,140 3,142 1,145 10,164 8,165 1,166 2,168 18,171 51,172 17,173 16,174 5,176 3,177 4,179 3,180 2,181 1,182 6,210 57,211 19,212 1,214 2,222 2,223 3,224 1,238 3,243 2,244 1,252 43,258 8,259 7,260 8,261 11,262 2,263 1,265 1,268 1,288 29,289 4,290 7,291 84,292 78,293 5,294 4,295 2,296 16,316 26,317 40,318 9,319 43,320 7,321 2,322 2,323 2,324 3,325 2,326 2,327 1,328 1,333 1,334 1,335 1,336 5,352 6,353 3,354 1,357 8,365 8,366 8,377 1,382 1,383 11,385 2,386 4,387 12,393 50,394 89,395 40,396 3,397 1,398 3,400 2,401 21,413 46,414 3,415 1,416 1,417 1,418 1,419 1,420 1,421 4,430 3,431 2,432 6,433 3,434 3,435 1,436 2,437 2,461 
252 7,1 6,2 1,3 1,5 1,7 3,8 2,18 1,19 1,24 1,26 2,27 2,28 2,29 1,30 2,31 17,39 53,40 13,41 2,42 1,43 1,44 1,45 2,46 1,48 1,49 30,84 8,85 10,86 5,87 8,88 6,89 5,90 5,91 3,92 6,93 4,94 1,97 1,98 1,100 1,102 1,104 3,111 10,112 24,113 1,115 6,119 2,120 1,121 2,140 3,141 9,142 1,143 1,144 3,145 2,146 1,147 1,149 1,151 1,152 6,164 3,165 2,166 2,167 11,168 13,171 35,172 30,173 34,174 10,176 4,177 7,179 10,180 7,181 10,182 1,184 1,190 1,192 2,210 28,211 29,212 3,214 2,215 1,218 3,222 1,223 2,224 1,227 5,243 1,244 2,246 1,247 1,251 3,253 31,258 4,259 8,260 4,261 13,262 3,263 3,264 4,265 2,266 2,267 4,268 1,272 1,288 9,289 6,290 3,291 65,292 98,293 4,294 9,295 5,296 1,297 18,316 35,317 46,318 13,319 51,320 17,321 4,322 4,323 2,324 6,325 2,326 6,327 1,328 1,331 6,352 7,353 4,354 1,357 1,360 2,361 4,365 7,366 1,367 2,370 5,377 2,378 1,380 5,385 8,386 7,387 2,388 10,393 28,394 66,395 60,396 2,397 2,400 1,401 1,405 1,406 1,407 4,413 28,414 3,430 5,431 4,432 8,433 4,434 10,435 3,436 1,441 1,442 6,461 
253 1,1 8,2 1,3 1,5 4,8 1,17 1,21 1,23 1,29 1,30 1,31 1,32 1,33 7,39 10,40 8,41 1,43 2,44 1,45 1,46 2,51 1,58 1,60 10,84 2,85 4,86 13,87 9,88 11,89 11,90 9,91 5,92 12,93 4,94 4,96 1,97 2,98 2,99 2,101 2,102 2,104 2,112 6,113 1,114 1,115 3,117 2,118 9,119 1,120 3,121 1,123 2,124 1,140 10,141 8,142 1,143 2,144 6,145 2,146 2,147 2,148 2,149 2,150 3,151 2,152 2,165 2,166 19,168 6,171 23,172 17,173 13,174 10,176 13,177 17,179 10,180 10,181 9,182 1,187 1,190 2,192 1,210 7,211 47,212 1,214 2,215 3,217 2,218 1,223 2,224 1,225 1,226 1,227 1,228 1,229 1,230 1,238 1,239 1,243 2,244 2,245 2,246 3,252 2,257 18,258 4,259 9,260 2,261 9,262 7,264 2,265 2,266 6,267 7,268 1,269 1,270 2,271 2,272 2,274 2,275 1,277 1,278 1,289 10,292 42,293 2,294 14,295 4,296 2,297 2,299 2,302 2,316 13,317 12,318 10,319 19,320 5,321 12,322 13,323 4,324 14,325 9,326 12,327 2,328 1,331 1,332 2,333 4,334 2,336 1,337 1,338 1,339 2,340 3,341 1,342 2,343 3,352 8,353 1,354 5,357 1,358 2,359 3,360 2,361 2,366 3,377 4,378 5,379 1,380 5,382 3,383 1,385 2,386 6,387 2,393 13,394 19,395 31,396 8,398 1,399 1,400 1,401 1,402 1,404 3,414 3,415 1,416 1,418 1,419 1,421 1,422 2,432 3,433 4,434 18,435 2,436 3,437 2,438 3,439 2,440 4,441 4,442 1,444 2,445 2,446 1,448 4,452 16,461 
254 1,17 1,18 1,21 1,23 1,26 1,29 1,31 1,33 7,39 7,40 10,41 1,43 1,44 1,46 1,51 6,85 7,86 14,87 7,88 13,89 9,90 7,91 4,92 11,93 9,94 5,96 11,97 6,98 11,99 4,100 5,101 11,102 4,103 1,104 1,113 2,115 1,116 2,117 3,118 12,119 1,120 18,121 2,123 1,124 1,125 4,127 2,128 1,140 7,141 6,142 3,144 4,145 2,146 1,147 6,148 1,149 5,150 6,151 7,152 2,153 1,167 20,168 21,172 7,173 8,174 2,175 11,176 9,177 17,179 18,180 21,181 17,182 1,183 6,184 4,185 2,186 2,188 1,189 6,190 3,192 8,193 45,212 1,215 1,223 1,224 1,225 1,226 3,227 2,228 2,229 1,230 1,238 2,239 1,241 1,243 3,245 1,246 3,255 4,257 8,258 1,259 4,260 3,262 2,263 4,264 4,265 6,266 3,267 6,268 4,269 3,270 2,271 2,272 4,274 4,275 1,276 2,277 2,278 1,290 4,292 16,293 1,294 9,295 13,296 1,297 3,298 1,299 2,300 1,301 1,302 2,303 2,316 9,317 8,318 11,319 6,320 5,321 18,322 14,323 7,324 18,325 13,326 21,327 9,328 5,331 3,332 3,333 1,334 1,335 1,336 2,337 2,338 7,339 3,340 10,341 1,342 2,343 6,353 1,356 1,360 1,361 1,393 2,394 12,395 36,396 6,397 1,398 2,399 2,400 2,401 1,402 2,404 2,405 2,406 5,414 1,418 1,431 1,432 1,433 2,434 22,435 4,436 1,437 1,438 1,439 1,440 7,441 6,442 1,445 1,446 2,447 2,448 2,450 1,451 5,452 13,461 
255 2,8 1,32 1,33 1,34 2,40 1,48 1,49 2,51 1,52 1,55 1,56 2,57 3,58 3,59 1,60 1,85 1,86 3,87 3,88 4,89 2,90 2,91 3,92 1,94 1,96 9,97 8,98 12,99 3,100 4,101 12,102 3,103 4,104 1,113 1,119 5,121 1,144 3,145 1,146 1,147 1,148 2,149 1,150 1,151 1,152 3,166 1,167 6,168 5,172 4,176 7,177 4,179 10,180 10,181 9,182 3,183 4,184 4,185 1,187 1,188 2,189 3,190 2,191 3,192 5,193 10,212 3,215 1,225 1,226 1,228 1,231 2,244 1,245 3,254 2,265 1,266 1,267 2,268 2,269 1,270 1,271 1,272 1,273 2,274 3,277 1,278 1,293 5,295 5,296 1,297 3,298 1,299 2,300 4,302 3,303 1,305 1,317 3,318 1,320 2,326 2,327 1,328 2,331 1,333 2,335 2,339 1,340 3,341 1,342 1,343 8,353 1,354 1,357 1,360 3,361 1,366 1,380 1,391 1,394 1,395 7,396 2,397 1,399 2,402 1,404 2,405 1,406 2,415 1,418 1,421 9,435 1,436 1,437 3,438 1,441 1,442 1,444 2,446 1,448 2,449 2,451 4,452 4,461 
256 1,39 1,141 1,142 4,144 5,145 5,146 6,147 1,148 2,149 3,150 6,151 3,152 2,153 1,154 1,173 3,174 4,212 1,263 4,264 2,265 2,267 4,268 4,269 2,271 2,272 3,275 3,277 1,278 1,295 2,396 1,397 1,435 5,461 
257 1,23 2,29 1,31 4,32 1,33 2,34 2,39 4,40 1,41 1,46 3,51 1,52 1,54 1,55 1,56 1,57 1,58 1,84 3,87 1,88 5,89 9,90 12,91 2,92 8,93 9,94 6,96 8,97 5,98 4,99 2,100 6,101 8,102 6,103 5,104 1,113 3,117 1,118 9,119 5,121 2,123 3,124 1,125 1,127 4,128 2,144 1,146 2,150 1,166 5,167 8,168 1,171 4,172 1,173 1,174 3,176 4,177 1,179 7,180 11,181 9,182 2,183 10,184 6,185 5,186 4,187 1,188 2,189 6,190 1,191 7,192 9,193 1,211 8,212 1,228 1,229 1,230 1,238 1,239 1,246 1,250 2,253 4,254 3,266 1,270 1,271 1,272 1,273 1,274 1,275 2,276 1,290 1,293 2,295 5,296 2,297 2,298 1,299 2,300 2,301 3,302 1,303 2,317 3,318 2,320 1,331 8,353 1,356 2,359 5,361 1,378 1,379 2,380 1,382 2,395 13,396 1,399 2,434 19,435 2,437 1,441 1,442 1,444 2,446 1,449 1,451 4,452 4,461 
258 1,17 1,18 2,19 1,25 1,26 1,30 1,31 1,33 43,39 40,40 11,41 1,51 1,52 1,57 1,58 1,59 1,84 90,111 118,112 13,113 1,116 2,117 3,118 1,119 1,120 2,123 3,124 2,125 1,126 3,127 7,168 7,171 24,172 11,173 11,174 3,176 1,177 3,179 2,180 3,181 2,182 82,210 121,211 17,212 1,222 1,223 2,224 1,225 1,228 1,229 1,230 1,231 2,243 3,244 2,245 2,246 100,247 1,248 91,250 43,251 31,252 18,253 8,254 95,288 164,289 1,291 69,292 44,293 1,294 3,295 1,296 4,315 7,316 20,317 18,318 13,319 20,320 11,321 8,322 4,323 10,325 2,326 11,327 3,328 1,332 1,340 1,341 1,342 1,353 10,392 88,393 126,394 55,395 26,396 1,397 104,413 114,414 3,415 1,431 1,436 1,461 
259 5,1 4,2 3,39 2,112 5,140 1,141 3,143 5,164 3,165 6,172 1,210 6,211 3,212 3,247 10,250 8,251 4,252 4,253 1,254 15,261 4,263 1,265 1,266 1,278 1,289 3,290 2,291 13,292 1,293 1,297 1,298 1,299 1,300 1,315 5,352 2,354 2,357 1,360 9,366 1,367 1,370 1,371 1,377 2,385 2,386 1,387 1,392 2,393 4,394 5,395 4,396 1,397 1,399 1,413 3,414 3,430 
260 2,2 1,39 1,112 16,140 9,141 11,142 7,143 1,144 4,172 11,173 2,174 3,211 6,212 1,214 1,247 3,250 7,251 8,252 9,253 4,254 5,261 27,262 3,263 5,265 1,268 3,292 16,293 6,295 1,353 1,354 2,357 2,360 2,368 4,370 5,371 1,377 1,380 1,386 5,394 8,395 5,396 1,397 3,414 6,461 
261 2,39 3,112 6,140 3,141 2,142 5,172 1,173 3,174 4,211 2,212 1,243 1,247 6,250 8,251 4,252 2,253 15,259 5,260 7,262 6,263 2,265 12,292 4,293 1,295 2,393 2,394 7,395 2,396 4,414 1,461 
262 2,39 1,112 19,140 16,142 6,172 18,173 6,174 6,211 5,212 1,247 4,250 11,251 13,252 9,253 3,254 27,260 7,261 3,263 2,265 1,267 2,268 4,292 22,293 12,295 2,393 8,394 8,395 6,396 1,398 4,414 6,461 
263 1,39 1,140 1,141 1,142 1,146 1,148 2,150 1,151 2,152 1,174 1,211 1,212 1,243 1,250 2,251 3,252 2,254 1,256 4,259 3,260 6,261 3,262 2,264 2,265 1,268 1,269 2,292 4,293 4,395 3,396 1,397 1,414 1,461 
264 10,141 4,142 4,144 5,145 2,146 3,147 4,149 3,150 1,151 1,156 4,173 4,174 4,212 3,252 7,253 4,254 4,256 2,263 4,265 3,267 9,268 1,270 2,272 2,292 1,293 4,295 2,394 4,395 2,396 1,397 3,461 
265 1,112 3,141 12,143 1,144 3,145 1,147 1,148 1,149 1,150 2,151 1,152 1,211 3,212 2,214 1,251 4,252 2,253 4,254 2,255 2,256 1,259 5,260 2,261 2,262 2,263 4,264 4,266 4,267 2,268 1,269 1,270 2,274 1,276 3,277 1,292 2,293 2,295 1,296 1,353 3,357 4,360 4,361 5,368 11,370 7,371 1,377 1,380 2,386 1,387 1,394 1,395 1,396 2,397 1,414 1,435 1,461 
266 1,39 1,142 4,145 1,146 1,147 1,148 1,149 5,150 2,151 2,152 6,212 1,245 2,252 2,253 6,254 1,255 3,257 1,259 4,265 1,267 1,268 4,269 9,270 6,271 5,272 1,273 6,274 5,275 8,276 7,277 1,396 7,435 3,461 
267 1,39 6,141 1,144 8,145 2,148 1,150 2,151 2,152 1,174 9,212 2,252 6,253 3,254 1,255 2,256 1,262 3,264 4,265 1,266 11,268 2,269 2,272 2,274 1,275 3,277 1,292 1,293 3,295 1,394 2,395 2,396 2,435 1,461 
268 6,141 3,142 3,144 11,145 4,146 5,147 6,148 4,149 2,150 9,151 6,152 2,153 4,173 2,174 7,212 1,251 4,252 7,253 6,254 2,255 4,256 1,260 2,262 1,263 9,264 2,265 1,266 11,267 1,269 1,271 2,272 2,274 2,275 1,292 2,293 1,295 3,395 5,396 2,397 2,435 1,452 6,461 
269 1,39 1,141 1,142 2,144 3,145 6,146 4,147 2,148 2,149 7,150 3,151 3,152 2,153 3,174 1,212 1,253 4,254 2,255 4,256 1,263 1,265 4,266 2,267 1,268 3,270 5,271 2,272 2,273 4,274 5,275 1,276 3,277 1,293 1,395 1,397 2,452 4,461 
270 1,39 1,142 2,145 1,146 1,147 11,150 1,151 2,212 1,245 1,253 3,254 1,255 1,257 1,264 1,265 9,266 3,269 11,271 5,272 4,273 5,274 5,275 12,276 5,277 2,278 1,320 1,366 2,396 4,435 3,452 3,461 
271 1,39 1,142 2,145 2,146 1,147 9,150 1,151 1,212 2,253 2,254 1,255 2,256 1,257 6,266 1,268 5,269 11,270 3,272 3,273 6,274 8,275 6,276 4,277 1,278 1,320 1,366 1,395 3,435 3,461 
272 1,39 1,141 1,142 2,143 3,145 2,148 3,150 2,151 2,152 1,153 6,212 1,214 1,252 2,253 2,254 1,255 2,256 1,257 2,264 5,266 2,267 2,268 2,269 5,270 3,271 1,273 5,274 4,275 3,276 3,277 3,278 1,293 1,368 2,371 1,380 3,396 2,435 
273 1,39 5,150 1,255 1,257 1,266 2,269 4,270 3,271 1,272 3,274 1,275 3,276 2,277 1,395 1,396 1,435 1,452 
274 1,141 3,145 1,146 1,148 4,150 1,151 2,212 2,253 4,254 2,255 1,257 2,265 6,266 2,267 2,268 4,269 5,270 6,271 5,272 3,273 6,275 3,276 5,277 1,288 1,290 1,365 1,395 1,396 3,435 1,452 2,461 
275 5,145 5,150 3,212 2,253 4,254 3,256 1,257 5,266 1,267 2,268 5,269 5,270 8,271 4,272 1,273 6,274 3,277 3,278 1,320 1,395 2,435 4,461 
276 1,39 1,142 2,146 1,147 7,150 1,151 3,212 1,245 1,254 2,257 1,265 8,266 1,269 12,270 6,271 3,272 3,273 3,274 4,277 2,396 4,435 2,452 
277 4,145 4,150 4,212 1,245 1,253 2,254 3,255 3,256 3,265 7,266 3,267 3,269 5,270 4,271 3,272 2,273 5,274 3,275 4,276 1,278 1,366 2,396 3,435 1,452 1,461 
278 1,145 2,148 2,150 2,151 2,152 1,153 1,212 1,253 2,254 1,255 1,256 1,259 2,270 1,271 3,272 3,275 1,277 1,396 1,461 
279 1,154 3,280 8,281 8,282 3,283 
280 3,279 3,281 3,283 
281 1,154 8,279 3,280 4,282 1,283 1,284 
282 2,154 1,158 1,159 8,279 4,281 1,284 
283 1,155 3,279 3,280 1,281 1,284 1,454 1,458 
284 1,155 1,281 1,282 1,283 
285 
286 2,111 242,206 161,207 242,208 161,209 8,210 5,211 8,247 3,250 409,315 1,365 216,391 190,392 1,394 
287 6,39 43,111 6,112 65,206 765,207 65,208 765,209 26,210 16,211 1,246 18,247 29,250 851,315 33,391 801,392 15,393 5,394 3,430 
288 128,39 1,40 208,111 45,112 1,141 1,172 16,207 16,209 234,210 35,211 1,244 79,247 2,248 156,250 1,251 1,252 95,258 1,274 2,289 1,290 1,293 1,295 1,302 13,315 1,316 1,365 1,391 19,392 184,393 47,394 3,395 1,396 150,413 3,414 1,432 1,434 1,437 
289 1,28 115,39 25,40 2,41 1,42 127,111 227,112 3,113 1,120 1,172 1,207 1,209 34,210 229,211 1,212 1,222 2,224 4,243 219,247 2,248 108,250 29,251 9,252 1,253 164,258 1,259 2,288 1,295 1,302 1,315 11,316 1,317 5,392 82,393 250,394 21,395 4,396 202,413 228,414 
290 3,1 1,17 3,18 1,19 1,21 1,28 1,51 1,141 37,164 1,167 1,175 25,210 17,211 5,212 1,245 11,247 1,248 22,250 4,251 6,252 1,254 1,257 3,259 1,274 1,288 27,291 1,315 1,352 1,354 1,359 1,361 34,365 6,366 1,367 1,385 1,387 2,392 16,393 11,394 6,395 1,396 1,397 20,430 
291 1,1 1,19 1,31 49,164 7,165 19,210 32,211 5,212 17,247 1,248 23,250 7,251 3,252 1,258 2,259 27,290 1,315 1,319 1,322 1,325 1,343 1,352 1,354 28,365 26,366 1,385 3,392 13,393 23,394 8,395 1,396 1,398 25,430 1,435 
292 26,39 100,40 6,41 1,44 35,84 1,87 1,88 1,89 13,111 51,112 42,113 1,114 4,115 1,116 1,117 2,120 1,123 1,124 1,125 3,127 5,140 1,141 2,142 3,168 37,171 66,172 1,173 1,174 9,210 62,211 11,212 2,222 1,224 1,227 6,243 5,244 35,247 37,250 84,251 65,252 10,253 4,254 69,258 13,259 3,260 12,261 4,262 2,263 2,264 1,265 1,267 1,268 6,294 29,316 16,317 58,318 3,319 61,320 1,321 1,325 24,393 54,394 81,395 37,396 4,400 4,401 10,413 96,414 6,415 1,416 9,431 3,432 1,434 1,441 
293 1,27 1,28 1,29 2,32 1,33 1,34 23,39 68,40 57,41 1,42 1,43 1,44 1,46 2,47 1,48 1,49 6,51 1,54 48,84 29,85 30,86 1,87 1,89 2,92 1,111 9,112 22,113 6,114 7,115 1,117 3,118 2,119 3,120 1,124 1,127 14,140 4,141 6,142 1,147 1,151 1,153 9,168 26,171 59,172 75,173 57,174 3,176 2,177 8,179 1,180 3,181 2,182 1,210 43,211 14,212 2,222 1,223 3,224 2,229 3,238 2,239 6,243 4,244 5,245 3,246 13,247 25,250 78,251 98,252 42,253 16,254 1,255 1,257 44,258 1,259 16,260 4,261 22,262 4,263 1,264 2,265 1,267 2,268 1,269 1,272 1,288 9,295 1,297 1,299 1,301 1,303 1,315 27,316 86,317 75,318 43,319 82,320 41,321 14,322 1,323 1,324 6,325 2,326 7,327 2,342 1,343 1,353 1,354 7,393 41,394 102,395 93,396 2,397 1,398 2,399 4,400 2,401 1,402 1,413 12,414 4,415 1,416 1,417 2,435 1,461 
294 5,40 1,49 1,112 2,168 6,172 1,210 2,211 2,250 5,251 4,252 2,253 1,254 1,258 6,292 4,320 1,394 6,395 6,396 1,413 1,414 5,431 10,432 11,433 2,435 1,441 
295 1,39 1,115 1,117 1,120 2,140 5,141 9,142 1,144 3,145 3,146 1,147 2,172 11,173 6,174 6,176 4,177 2,179 11,180 11,181 10,182 5,184 1,186 2,189 1,190 3,191 7,192 8,193 2,211 10,212 1,243 1,244 2,245 1,246 4,251 9,252 14,253 9,254 5,255 1,256 2,257 3,258 6,260 1,261 12,262 4,264 2,265 3,267 1,268 1,288 1,289 9,293 2,296 2,297 1,299 2,302 7,317 7,353 6,394 3,395 5,396 1,404 1,405 1,406 2,414 4,415 1,416 1,417 1,418 1,423 1,424 7,461 
296 1,39 4,41 1,146 1,147 1,148 1,149 1,150 1,151 1,152 4,168 2,172 2,173 2,174 10,176 11,177 10,179 17,180 12,181 14,182 9,184 1,187 6,189 4,190 5,191 8,192 9,193 1,211 10,212 1,228 1,245 1,246 2,251 5,252 4,253 13,254 5,255 5,257 1,258 1,265 2,295 3,297 2,299 2,302 2,316 2,317 2,318 2,319 4,321 3,322 4,323 4,325 10,326 7,327 3,328 6,331 9,332 9,333 3,334 6,335 1,336 1,337 1,338 8,339 6,340 6,341 3,343 4,353 1,393 4,395 7,396 2,397 1,398 2,399 1,414 2,415 10,435 9,461 
297 1,168 1,180 1,181 2,182 1,185 2,211 2,212 1,245 2,246 1,252 2,253 1,254 1,255 2,257 1,259 1,293 2,295 3,296 3,298 7,299 5,300 3,301 4,302 1,395 3,396 1,398 1,399 1,414 1,416 1,461 
298 2,168 1,212 3,254 3,255 2,257 1,259 3,297 3,299 6,300 4,301 4,302 7,303 1,305 1,317 1,354 1,357 1,391 1,396 1,399 2,415 
299 1,168 1,212 2,245 2,253 1,254 1,255 1,257 1,259 1,293 1,295 2,296 7,297 3,298 3,300 2,301 4,302 1,303 1,396 1,398 1,414 1,416 
300 2,168 1,182 2,184 1,185 2,212 1,243 1,245 2,254 2,255 2,257 1,259 5,297 6,298 3,299 5,301 2,302 5,303 3,305 1,307 2,308 2,309 1,353 1,357 3,396 1,399 3,415 
301 2,168 2,184 1,243 1,245 1,254 2,257 1,293 3,297 4,298 2,299 5,300 2,302 5,303 2,305 1,317 1,353 3,396 1,399 3,415 
302 2,183 2,184 1,185 2,190 1,192 1,223 1,225 2,228 1,239 1,240 1,241 1,242 2,253 1,254 4,255 3,257 1,288 1,289 2,295 2,296 4,297 4,298 4,299 2,300 2,301 3,303 1,353 1,354 1,391 3,396 1,399 1,415 1,416 1,418 1,421 1,454 1,455 
303 2,168 2,184 1,212 1,243 1,245 2,254 3,255 1,257 1,293 7,298 1,299 5,300 5,301 3,302 1,304 3,305 1,317 1,353 1,354 1,357 1,391 2,396 6,415 
304 1,148 1,150 1,151 1,152 1,212 1,303 1,415 
305 2,184 1,243 1,245 1,255 1,298 3,300 2,301 3,303 1,353 1,357 1,396 3,415 
306 2,53 3,61 1,64 1,65 5,66 9,69 2,71 7,106 3,107 1,108 1,346 1,350 4,400 4,403 1,408 1,409 
307 1,68 1,300 1,308 2,309 1,311 1,317 2,348 1,349 1,351 
308 2,300 1,307 2,309 
309 2,300 2,307 2,308 1,311 
310 1,311 
311 1,307 1,309 1,310 
312 1,213 
313 1,314 
314 1,313 
315 38,111 7,112 1,164 1,171 1,172 304,206 901,207 304,208 901,209 27,210 19,211 1,246 17,247 2,248 23,250 4,258 1,259 409,286 851,287 13,288 1,289 1,290 1,291 1,293 1,318 2,365 247,391 997,392 2,393 1,394 10,413 
316 24,40 20,41 6,111 15,112 3,172 1,179 1,210 12,211 2,212 9,247 1,248 12,250 16,251 18,252 2,253 2,254 7,258 1,288 11,289 29,292 27,293 2,296 28,317 37,318 12,319 36,320 14,321 1,322 2,327 5,393 17,394 23,395 12,396 7,413 12,414 
317 4,39 54,41 1,44 1,45 1,46 1,47 2,48 3,51 1,52 1,56 3,58 2,60 3,112 1,164 5,168 7,171 11,172 25,173 29,174 8,176 10,177 6,179 10,180 12,181 7,182 2,183 6,184 3,189 4,190 1,191 1,192 3,193 2,210 13,211 14,212 2,227 1,244 1,245 4,247 1,248 12,250 26,251 35,252 13,253 9,254 1,255 2,257 20,258 1,289 16,292 86,293 7,295 2,296 1,298 1,301 1,303 1,307 28,316 36,318 40,319 36,320 33,321 1,324 1,348 6,353 1,354 5,393 18,394 34,395 29,396 1,397 1,399 1,402 4,414 3,435 1,452 6,461 
318 1,29 1,30 1,31 7,39 48,40 17,41 1,43 2,44 1,111 6,112 1,168 14,171 19,172 25,173 28,174 2,175 4,176 6,177 7,179 10,180 10,181 8,182 1,184 1,185 2,186 1,190 1,191 3,192 6,193 2,210 11,211 7,212 1,222 1,227 1,244 9,247 9,250 40,251 46,252 12,253 8,254 3,255 3,257 18,258 58,292 75,293 2,296 1,315 37,316 36,317 64,320 11,321 1,323 1,325 1,327 1,339 1,341 1,344 1,349 2,353 5,393 18,394 48,395 33,396 2,397 6,400 5,401 1,414 3,435 5,461 
319 1,31 1,39 4,40 38,41 1,112 8,168 9,172 4,179 4,211 7,212 1,228 1,244 3,247 4,250 9,251 13,252 10,253 11,254 13,258 1,291 3,292 43,293 2,296 12,316 40,317 14,320 31,321 13,322 7,323 5,324 13,325 4,326 12,327 1,328 2,331 3,340 3,341 2,393 5,394 16,395 14,396 1,397 2,398 1,435 
320 9,39 62,40 19,41 40,84 20,85 23,86 4,87 4,88 3,89 1,91 3,92 3,93 1,94 1,96 3,97 1,98 2,102 11,113 1,117 4,119 2,121 1,124 1,125 1,128 1,150 6,168 20,172 1,176 1,179 1,210 19,211 9,212 7,247 9,250 43,251 51,252 19,253 6,254 1,255 2,257 20,258 1,270 1,271 1,275 61,292 82,293 4,294 36,316 36,317 64,318 14,319 1,327 4,393 23,394 57,395 39,396 1,397 1,404 1,405 1,406 1,413 9,414 2,432 8,433 4,434 9,435 2,436 2,439 
321 7,40 37,41 6,168 5,172 2,179 2,211 5,212 2,244 1,246 2,247 3,250 7,251 17,252 5,253 5,254 11,258 1,292 41,293 4,296 14,316 33,317 11,318 31,319 10,322 6,327 1,334 1,335 1,336 1,393 6,394 13,395 13,396 3,398 
322 22,41 9,168 13,172 3,179 16,212 1,228 1,246 2,251 4,252 12,253 18,254 8,258 1,291 14,293 3,296 1,316 13,319 10,321 4,324 27,325 2,326 28,327 2,328 1,332 1,341 1,343 2,394 1,395 8,396 2,397 2,398 1,399 5,435 
323 3,41 1,46 20,168 13,172 9,179 24,212 2,228 2,251 4,252 13,253 14,254 4,258 1,293 4,296 1,318 7,319 12,324 20,325 35,326 31,327 12,328 14,331 7,332 5,334 1,335 3,336 5,338 1,339 16,340 13,341 2,342 4,343 1,352 2,395 9,396 1,398 7,435 1,452 
324 1,41 8,168 6,172 3,179 4,212 3,228 1,243 2,251 2,252 4,253 7,254 1,293 1,317 5,319 4,322 12,323 10,325 12,326 11,327 9,328 10,331 1,332 2,334 1,336 1,337 2,338 4,339 1,340 12,341 2,342 3,343 2,395 3,396 1,397 
325 1,31 18,168 19,172 9,179 23,212 1,228 3,251 6,252 14,253 18,254 10,258 1,291 1,292 6,293 4,296 1,318 13,319 27,322 20,323 10,324 29,327 4,328 4,331 2,332 3,334 1,335 1,339 1,340 1,341 2,342 1,343 4,395 8,396 2,397 1,398 1,414 5,435 
326 1,13 20,168 6,172 12,179 16,212 3,228 1,244 1,245 2,251 2,252 9,253 13,254 2,255 2,258 2,293 10,296 4,319 2,322 35,323 12,324 31,327 13,328 29,331 13,332 8,333 7,334 4,335 5,336 3,337 5,338 20,339 13,340 34,341 9,342 13,343 5,395 9,396 1,398 12,435 
327 10,41 24,168 19,172 16,179 32,212 4,228 1,244 1,246 2,251 6,252 12,253 21,254 2,255 11,258 7,293 7,296 2,316 1,318 12,319 1,320 6,321 28,322 31,323 11,324 29,325 31,326 11,328 8,331 4,332 1,333 1,334 1,335 3,337 2,338 4,339 4,340 19,341 3,342 6,343 1,352 4,395 12,396 2,397 1,398 7,435 
328 1,41 8,168 5,172 9,179 3,212 4,228 1,251 1,252 2,253 9,254 1,255 3,258 3,296 1,319 2,322 12,323 9,324 4,325 13,326 11,327 14,331 6,332 4,333 8,334 1,335 3,336 1,337 2,338 10,339 3,340 15,341 2,342 8,343 2,395 5,396 1,397 1,398 3,435 
329 
330 
331 1,46 1,53 12,168 9,179 1,184 1,187 1,193 2,212 4,228 1,243 1,245 1,252 1,253 5,254 2,255 1,257 6,296 2,319 14,323 10,324 4,325 29,326 8,327 14,328 11,332 14,333 7,334 4,335 3,336 7,337 2,338 14,339 15,340 30,341 7,342 18,343 1,395 3,396 1,397 13,435 1,452 
332 1,46 3,168 4,179 2,212 1,253 3,254 1,258 9,296 1,322 7,323 1,324 2,325 13,326 4,327 6,328 11,331 3,334 2,335 1,336 1,337 1,338 9,339 4,340 5,341 1,342 2,343 1,395 1,397 2,398 10,435 1,452 
333 1,13 1,53 5,168 4,179 2,212 3,228 2,245 1,251 2,253 3,254 1,255 9,296 8,326 1,327 4,328 14,331 6,334 4,335 4,336 3,337 3,338 8,339 5,340 12,341 1,342 11,343 1,395 3,396 1,399 12,435 1,452 
334 1,43 1,44 3,168 6,179 2,212 1,228 2,245 1,251 4,253 1,254 3,296 1,321 5,323 2,324 3,325 7,326 1,327 8,328 7,331 3,332 6,333 6,335 7,336 1,337 2,338 4,339 2,340 4,341 3,343 1,344 2,395 2,396 1,435 1,452 
335 2,168 4,179 1,212 1,244 1,251 1,254 2,255 6,296 1,321 1,323 1,325 4,326 1,327 1,328 4,331 2,332 4,333 6,334 4,336 1,338 1,340 8,341 1,395 4,435 
336 1,13 1,53 1,168 1,251 2,253 1,254 1,296 1,321 3,323 1,324 5,326 3,328 3,331 1,332 4,333 7,334 4,335 3,338 2,340 4,341 1,342 1,395 1,396 1,452 
337 2,168 5,179 1,212 1,228 1,245 1,253 2,254 1,296 1,324 3,326 3,327 1,328 7,331 1,332 3,333 1,334 1,338 5,339 1,340 5,341 1,342 2,343 1,396 1,397 1,435 
338 1,13 1,41 1,107 2,168 2,172 2,179 1,212 1,253 2,254 1,296 5,323 2,324 5,326 2,327 2,328 2,331 1,332 3,333 2,334 1,335 3,336 1,337 3,339 3,340 1,341 1,344 1,395 1,396 
339 7,168 1,172 5,179 2,212 4,228 1,245 1,253 7,254 2,255 8,296 1,318 1,323 4,324 1,325 20,326 4,327 10,328 14,331 9,332 8,333 4,334 5,337 3,338 11,340 11,341 2,342 5,343 1,344 1,346 1,395 2,396 1,397 1,398 1,399 6,435 
340 1,41 1,46 9,168 3,172 2,179 3,212 3,228 1,245 1,246 2,253 3,254 1,255 1,258 6,296 3,319 16,323 1,324 1,325 13,326 4,327 3,328 15,331 4,332 5,333 2,334 1,335 2,336 1,337 3,338 11,339 14,341 3,342 6,343 1,352 2,396 3,435 1,452 
341 1,13 14,168 2,172 12,179 11,212 3,228 1,243 1,244 3,253 10,254 3,255 1,258 6,296 1,318 3,319 1,322 13,323 12,324 1,325 34,326 19,327 15,328 30,331 5,332 12,333 4,334 8,335 4,336 5,337 1,338 11,339 14,340 2,342 10,343 1,352 1,395 5,396 1,397 1,398 9,435 1,452 
342 4,168 7,179 1,228 1,253 1,254 1,255 1,258 2,293 2,323 2,324 2,325 9,326 3,327 2,328 7,331 1,332 1,333 1,336 1,337 2,339 3,340 2,341 8,343 3,435 
343 1,43 1,44 7,168 2,172 7,179 2,212 4,228 1,245 2,253 2,254 1,255 1,291 1,293 3,296 1,322 4,323 3,324 1,325 13,326 6,327 8,328 18,331 2,332 11,333 3,334 2,337 5,339 6,340 10,341 8,342 3,396 9,435 
344 1,107 1,318 1,334 1,338 1,339 4,346 3,347 1,349 1,350 1,455 1,458 
345 2,348 
346 1,306 1,339 4,344 2,347 3,350 
347 3,344 2,346 1,350 1,455 1,458 
348 2,307 1,317 2,345 1,351 
349 1,307 1,318 1,344 
350 1,306 1,344 3,346 1,347 
351 1,307 1,348 
352 9,1 10,2 1,3 1,5 1,7 1,8 2,164 8,165 3,166 5,167 4,214 1,215 1,217 2,250 5,251 6,252 3,253 5,259 1,290 1,291 1,323 1,327 1,340 1,341 5,353 5,354 1,357 1,359 1,365 6,366 7,377 8,378 7,379 1,380 1,382 7,385 9,386 11,387 2,388 3,394 4,395 7,396 1,398 
353 5,1 9,2 6,3 6,5 2,7 5,8 1,39 1,84 3,115 1,117 1,118 1,119 2,123 3,124 2,125 1,126 3,127 2,143 1,144 1,164 1,165 2,166 5,167 1,171 2,173 4,174 7,176 5,177 6,179 10,180 4,181 7,182 3,183 14,184 5,185 2,186 1,187 9,189 9,190 6,191 6,192 12,193 6,212 6,214 8,215 2,217 2,218 1,238 3,243 1,246 1,249 1,250 6,251 7,252 8,253 6,254 8,255 8,257 1,258 1,260 1,265 1,293 7,295 4,296 1,300 1,301 1,302 1,303 1,305 6,317 2,318 5,352 1,366 2,367 1,368 3,370 1,371 11,377 11,378 8,379 2,380 5,382 2,383 3,385 5,386 11,387 6,388 2,394 5,395 14,396 2,397 1,399 1,402 6,404 9,405 8,406 5,407 3,415 1,430 1,431 9,435 1,452 6,461 
354 5,1 7,2 1,3 1,5 1,102 1,143 2,164 9,165 2,211 3,212 1,215 1,244 2,245 1,250 3,251 4,252 1,253 1,255 2,259 1,260 1,290 1,291 1,293 1,298 1,302 1,303 1,317 5,352 1,365 3,366 1,377 1,378 2,379 1,382 1,383 9,385 5,386 7,387 1,391 3,394 4,395 3,396 1,430 
355 
356 1,1 1,166 3,167 1,215 1,254 1,257 3,358 1,359 3,360 5,361 1,386 1,387 1,388 
357 1,1 3,2 9,3 3,4 9,5 11,8 3,9 3,10 3,11 7,143 2,166 4,167 3,214 8,215 9,217 10,218 2,247 1,249 1,251 1,252 5,253 1,255 2,259 2,260 3,265 1,298 1,300 1,303 1,305 1,352 4,358 6,359 23,360 11,361 6,366 1,368 4,370 4,371 1,377 10,378 9,379 8,380 12,382 13,383 4,386 2,387 9,388 3,395 6,396 1,399 1,415 1,430 
358 2,1 1,2 1,8 1,166 1,247 1,253 3,356 4,357 3,359 2,360 3,361 1,378 1,382 1,383 3,386 2,387 2,388 1,395 1,396 
359 1,3 1,5 2,8 3,166 4,167 4,215 4,217 5,218 2,253 2,257 1,290 1,352 1,356 6,357 3,358 5,360 5,361 2,378 3,379 2,380 1,382 1,386 2,388 1,395 2,396 1,430 
360 9,3 4,4 9,5 7,8 5,9 5,10 5,11 6,143 4,166 8,167 1,214 6,215 5,217 6,218 1,252 3,253 1,254 1,255 1,259 2,260 4,265 3,356 23,357 2,358 5,359 25,361 1,366 6,370 3,371 3,378 6,379 5,380 8,382 11,383 1,387 7,388 6,396 1,399 
361 4,3 5,4 4,5 2,8 8,9 8,10 9,11 4,143 6,166 12,167 3,214 4,215 1,217 2,218 2,252 2,253 1,254 3,255 5,257 4,265 1,290 5,356 11,357 3,358 5,359 25,360 3,366 1,368 4,370 2,371 3,378 6,379 5,380 7,382 8,383 5,388 1,395 7,396 
362 9,13 9,169 1,170 2,219 2,372 4,389 
363 3,14 3,170 1,219 3,220 4,221 6,364 6,372 1,373 2,375 1,376 2,384 2,390 
364 3,15 1,170 5,220 3,221 6,363 1,372 1,373 2,374 4,375 4,376 4,384 1,390 
365 2,1 1,141 29,164 5,165 16,210 17,211 7,212 2,245 14,247 1,248 12,250 8,251 4,252 1,274 1,286 1,288 34,290 28,291 2,315 1,352 1,354 2,385 2,392 11,393 12,394 7,395 3,396 1,397 1,398 22,430 
366 15,1 8,2 3,8 1,143 39,164 8,165 2,166 1,167 6,210 27,211 12,212 3,214 2,217 2,218 9,247 13,250 8,251 7,252 2,253 1,255 9,259 1,270 1,271 1,277 6,290 26,291 6,352 1,353 3,354 6,357 1,360 3,361 1,367 6,377 5,378 5,379 3,380 5,382 4,383 12,385 9,386 9,387 1,388 1,392 7,393 22,394 6,395 5,396 1,397 26,430 
367 3,1 1,2 1,143 1,164 1,165 1,212 1,252 1,259 1,290 2,353 1,366 1,385 1,386 1,387 1,397 
368 7,143 2,260 5,265 1,272 1,353 1,357 1,361 6,370 7,371 1,377 1,386 1,399 
369 
370 13,143 1,212 2,214 2,252 1,259 4,260 11,265 3,353 4,357 6,360 4,361 6,368 8,371 2,377 2,386 1,395 1,397 2,399 
371 1,2 15,143 3,214 1,259 5,260 7,265 2,272 1,353 4,357 3,360 2,361 7,368 8,370 2,380 2,386 1,387 2,399 
372 2,13 3,14 1,169 4,170 1,211 3,219 1,220 1,221 2,362 6,363 1,364 9,389 1,390 
373 1,14 1,15 1,169 3,170 1,219 1,363 1,364 2,374 3,390 
374 1,78 1,79 2,364 2,373 2,384 
375 1,15 1,219 2,363 4,364 3,376 
376 1,15 1,363 4,364 3,375 
377 7,1 10,2 2,8 3,166 5,167 2,211 4,212 6,214 1,215 1,217 2,218 1,247 1,250 8,251 5,252 3,253 1,259 1,260 1,265 7,352 11,353 1,354 1,357 6,366 1,368 2,370 3,385 8,386 12,387 4,388 1,392 7,395 8,396 2,430 
378 5,1 8,2 4,167 1,212 7,214 1,249 2,252 4,253 1,257 8,352 11,353 1,354 10,357 1,358 2,359 3,360 3,361 5,366 34,379 11,380 25,382 17,383 10,386 7,387 4,388 1,394 2,395 2,396 
379 3,1 9,2 2,166 3,167 7,214 1,217 1,218 5,253 1,257 7,352 8,353 2,354 9,357 3,359 6,360 6,361 5,366 34,378 12,380 30,382 24,383 1,384 6,386 5,387 4,388 1,394 2,395 2,396 1,430 
380 3,2 1,8 2,143 1,166 4,167 7,214 1,215 1,218 1,247 1,249 1,252 1,253 1,255 2,257 1,260 1,265 1,272 1,352 2,353 8,357 2,359 5,360 5,361 3,366 2,371 11,378 12,379 12,382 12,383 3,387 4,388 2,396 1,430 
381 
382 2,1 9,2 1,8 1,166 3,167 5,214 1,247 1,251 5,253 1,257 1,352 5,353 1,354 12,357 1,358 1,359 8,360 7,361 5,366 25,378 30,379 12,380 29,383 4,386 5,387 5,388 1,394 2,395 1,396 1,430 
383 5,2 1,8 1,166 3,167 7,214 1,247 1,251 3,253 2,353 1,354 13,357 1,358 11,360 8,361 4,366 17,378 24,379 12,380 29,382 1,386 2,387 4,388 1,394 1,395 1,396 
384 1,14 1,15 2,170 2,220 2,221 2,363 4,364 2,374 1,379 1,390 
385 18,1 4,2 1,143 12,164 13,165 1,210 3,211 11,212 4,250 11,251 5,252 1,253 2,259 1,290 1,291 7,352 3,353 9,354 2,365 12,366 1,367 3,377 2,393 6,394 7,395 5,396 1,397 5,430 
386 13,1 13,2 1,7 4,143 1,164 3,165 3,166 1,167 2,211 7,212 4,214 2,251 8,252 2,253 2,259 1,260 2,265 9,352 5,353 5,354 1,356 4,357 3,358 1,359 9,366 1,367 1,368 2,370 2,371 8,377 10,378 6,379 4,382 1,383 23,387 1,392 1,394 6,395 3,396 1,397 1,399 1,430 
387 8,1 20,2 2,3 2,5 1,7 2,8 2,143 1,164 5,165 2,166 2,211 3,212 5,214 2,215 1,217 1,249 2,250 4,251 7,252 6,253 1,259 1,265 1,290 11,352 11,353 7,354 1,356 2,357 2,358 1,360 9,366 1,367 1,371 12,377 7,378 5,379 3,380 5,382 2,383 23,386 1,394 9,395 9,396 1,397 1,430 
388 2,2 4,3 4,5 1,7 4,8 2,166 8,167 3,214 3,215 4,217 4,218 2,247 1,249 2,252 2,352 6,353 1,356 9,357 2,358 2,359 7,360 5,361 1,366 4,377 4,378 4,379 4,380 5,382 4,383 5,396 
389 4,13 3,14 6,76 1,77 1,78 5,169 7,219 1,236 4,362 9,372 
390 1,13 1,74 5,170 1,211 2,219 2,220 1,221 2,363 1,364 1,372 3,373 1,384 
391 2,111 193,206 49,207 193,208 49,209 4,210 1,211 2,247 2,250 1,255 216,286 33,287 1,288 1,298 1,302 1,303 247,315 1,354 
392 1,2 5,39 38,111 9,112 3,164 1,166 1,167 1,171 1,173 110,206 836,207 110,208 836,209 27,210 24,211 1,214 1,246 19,247 2,248 24,250 10,258 1,259 190,286 801,287 19,288 5,289 2,290 3,291 997,315 2,365 1,366 1,377 1,386 14,413 2,414 
393 3,1 118,39 9,40 1,85 1,86 164,111 69,112 1,113 1,140 17,164 2,165 3,171 5,172 2,176 2,179 1,180 4,207 4,209 181,210 63,211 3,212 92,247 1,248 160,250 12,251 10,252 2,253 1,254 88,258 2,259 2,261 2,262 15,287 184,288 82,289 16,290 13,291 24,292 7,293 1,296 2,315 5,316 5,317 5,318 2,319 4,320 1,321 11,365 7,366 2,385 1,400 1,401 117,413 58,414 13,430 
394 6,1 3,2 1,24 1,26 1,27 1,28 2,29 1,30 1,31 92,39 39,40 8,41 1,43 1,46 1,49 7,84 6,85 6,86 1,90 1,91 1,92 1,94 92,111 160,112 8,113 1,115 1,117 1,119 1,120 1,124 6,140 2,141 4,142 1,144 1,145 1,146 26,164 5,165 1,168 10,171 20,172 13,173 11,174 2,176 2,177 3,179 1,180 1,181 1,182 1,207 1,209 46,210 196,211 11,212 1,222 1,223 1,224 1,227 3,243 1,246 159,247 1,249 111,250 50,251 28,252 13,253 2,254 1,255 126,258 4,259 5,260 2,261 8,262 2,264 1,265 1,267 1,286 5,287 47,288 250,289 11,290 23,291 54,292 41,293 1,294 6,295 1,315 17,316 18,317 18,318 5,319 23,320 6,321 2,322 3,352 2,353 3,354 12,365 22,366 1,378 1,379 1,382 1,383 6,385 1,386 1,387 1,400 1,401 134,413 153,414 1,415 1,416 15,430 1,431 2,432 1,435 2,436 1,441 1,442 2,461 
395 7,1 5,2 1,3 1,5 2,8 1,23 1,27 2,28 2,29 24,39 74,40 21,41 2,42 1,44 1,49 1,56 1,57 23,84 8,85 8,86 5,87 3,88 5,89 4,90 3,91 1,92 5,93 2,94 1,96 3,97 2,98 1,102 2,103 6,111 26,112 19,113 2,114 4,115 1,116 1,117 4,119 2,120 1,121 1,123 1,124 1,125 1,127 2,128 5,140 3,141 5,142 2,144 1,145 2,150 10,164 7,165 1,167 5,168 13,171 41,172 29,173 22,174 7,176 5,177 9,179 5,180 3,181 3,182 1,184 1,192 1,193 9,210 47,211 32,212 1,214 2,215 1,217 2,218 2,222 2,223 4,224 1,225 1,226 1,228 1,229 1,230 1,238 5,243 1,244 2,246 23,247 34,250 89,251 66,252 19,253 12,254 1,255 2,257 55,258 5,259 8,260 7,261 8,262 4,263 4,264 1,265 2,267 3,268 1,269 1,271 1,273 1,274 1,275 3,288 21,289 6,290 8,291 81,292 102,293 6,294 3,295 4,296 1,297 23,316 34,317 48,318 16,319 57,320 13,321 1,322 2,323 2,324 4,325 5,326 4,327 2,328 1,331 1,332 1,333 2,334 1,335 1,336 1,338 1,339 1,341 4,352 5,353 4,354 3,357 1,358 1,359 1,361 7,365 6,366 1,370 7,377 2,378 2,379 2,382 1,383 7,385 6,386 9,387 2,396 2,400 1,401 1,404 1,405 1,406 11,413 42,414 2,415 6,430 5,431 3,432 8,433 5,434 9,435 3,436 2,437 1,438 1,439 2,441 1,442 8,461 
396 3,1 7,2 1,3 1,5 3,8 1,9 1,10 1,11 2,18 1,19 1,20 1,21 1,23 1,27 2,28 3,29 2,31 2,32 1,33 1,34 13,39 40,40 15,41 1,43 2,46 2,51 1,52 1,54 1,56 1,57 2,58 1,59 25,84 12,85 14,86 5,87 6,88 6,89 7,90 6,91 5,92 4,93 3,94 2,96 4,97 4,98 3,99 2,100 3,101 2,102 4,103 3,104 1,111 8,112 17,113 3,114 3,115 1,117 2,118 10,119 2,120 6,121 2,127 1,128 3,140 2,141 3,142 1,143 3,144 6,145 1,147 2,148 2,149 2,150 3,151 3,152 2,153 1,154 1,164 4,165 2,166 2,167 16,168 13,171 30,172 29,173 30,174 1,175 5,176 7,177 13,179 10,180 11,181 9,182 2,183 9,184 3,185 2,186 2,187 1,188 2,189 6,190 1,191 1,192 3,193 5,210 24,211 29,212 2,214 1,215 3,217 3,218 1,222 1,224 1,225 1,226 1,227 2,228 1,229 1,238 1,239 5,243 3,244 1,245 9,247 11,250 40,251 60,252 31,253 36,254 7,255 2,256 13,257 26,258 4,259 5,260 2,261 6,262 3,263 2,264 1,265 1,266 2,267 5,268 2,270 3,272 1,273 1,274 2,276 2,277 1,278 1,288 4,289 1,290 1,291 37,292 93,293 6,294 5,295 7,296 3,297 1,298 1,299 3,300 3,301 3,302 2,303 1,305 12,316 29,317 33,318 14,319 39,320 13,321 8,322 9,323 3,324 8,325 9,326 12,327 5,328 3,331 3,333 2,334 1,336 1,337 1,338 2,339 2,340 5,341 3,343 7,352 14,353 3,354 6,357 1,358 2,359 6,360 7,361 3,365 5,366 8,377 2,378 2,379 2,380 1,382 1,383 5,385 3,386 9,387 5,388 2,395 2,400 1,401 1,402 4,404 4,405 4,406 2,407 3,413 15,414 2,415 2,418 1,419 2,421 1,422 2,430 4,431 4,432 6,433 1,434 19,435 1,436 3,438 2,439 1,440 3,441 2,442 1,444 2,445 2,446 2,448 3,449 4,451 8,452 1,453 9,461 
397 1,1 2,2 1,30 1,31 2,39 3,41 1,42 1,44 1,85 2,86 2,87 2,88 2,89 1,113 1,119 1,141 1,143 2,146 1,148 1,149 1,151 2,152 1,153 1,164 2,165 1,168 3,172 1,174 1,176 1,177 2,179 2,180 1,182 1,211 7,212 3,251 2,252 6,254 2,255 1,256 1,258 1,259 1,260 1,263 1,264 2,265 2,268 1,269 1,290 2,293 2,296 1,317 2,318 1,319 1,320 2,322 1,324 2,325 2,327 1,328 1,331 1,332 1,337 1,339 1,341 2,353 1,365 1,366 1,367 1,370 1,385 1,386 1,387 1,400 1,401 1,418 1,419 1,420 1,421 1,436 1,442 1,461 
398 1,30 1,31 1,33 1,41 1,43 1,44 1,86 2,87 2,88 2,89 1,90 1,91 1,92 1,93 1,94 1,104 2,119 1,142 1,164 1,171 3,172 1,173 2,174 2,179 1,211 3,212 1,245 1,251 8,253 1,254 1,262 1,291 1,293 1,296 1,297 1,299 2,319 3,321 2,322 1,323 1,325 1,326 1,327 1,328 2,332 1,339 1,341 1,352 1,365 1,414 1,435 1,439 1,444 1,445 1,446 1,452 
399 1,41 1,47 1,48 1,51 1,92 2,97 1,99 1,101 1,102 1,103 2,143 1,147 1,149 1,151 1,152 1,153 1,168 1,172 1,173 1,177 1,179 1,180 1,184 1,185 1,189 1,192 1,212 1,253 2,254 1,255 1,257 1,259 2,293 2,296 1,297 1,298 1,300 1,301 1,302 1,317 1,322 1,333 1,339 1,353 1,357 1,360 1,368 2,370 2,371 1,386 2,435 1,441 1,446 1,448 1,452 
400 1,172 1,211 2,212 2,222 2,227 3,251 2,252 1,253 2,254 4,292 4,293 4,306 6,318 1,393 1,394 2,395 2,396 1,397 8,401 4,403 1,409 1,414 
401 1,172 2,212 2,227 2,251 1,252 1,253 2,254 4,292 2,293 5,318 1,393 1,394 1,395 1,396 1,397 8,400 1,414 
402 1,41 1,164 2,212 2,225 2,226 4,227 1,229 1,230 1,231 3,238 1,239 1,245 1,253 1,254 2,255 1,293 1,317 1,353 1,396 2,404 2,405 1,406 1,415 1,435 
403 4,306 4,400 1,409 
404 1,212 2,227 1,243 1,246 1,253 2,254 1,255 1,295 1,320 6,353 1,395 4,396 2,402 8,405 8,406 3,407 
405 1,227 1,243 1,246 1,252 2,254 2,255 1,295 1,320 9,353 1,395 4,396 2,402 8,404 10,406 5,407 1,435 
406 1,227 1,243 1,246 1,252 2,254 1,255 1,295 1,320 8,353 1,395 4,396 1,402 8,404 10,405 5,407 
407 1,243 1,252 5,353 2,396 3,404 5,405 5,406 
408 1,306 3,409 2,410 
409 1,306 1,400 1,403 3,408 2,410 3,411 
410 2,408 2,409 6,411 2,412 
411 3,409 6,410 
412 2,410 
413 94,39 79,111 173,112 4,113 118,210 116,211 1,212 2,243 1,244 125,247 2,248 133,250 21,251 4,252 104,258 1,259 150,288 202,289 10,292 1,293 1,294 10,315 7,316 1,320 14,392 117,393 134,394 11,395 3,396 1,431 
414 82,39 55,40 1,43 1,44 1,46 91,111 130,112 11,113 1,120 1,172 7,210 174,211 2,212 2,222 1,223 2,224 4,243 2,244 2,245 138,247 3,248 70,250 46,251 28,252 3,253 5,254 114,258 3,259 3,260 4,261 4,262 1,263 1,265 3,288 228,289 96,292 12,293 1,294 2,295 1,296 1,297 1,299 12,316 4,317 1,318 9,320 1,325 2,392 58,393 153,394 42,395 15,396 1,398 1,400 1,401 6,431 1,436 1,437 1,441 1,442 
415 1,113 2,114 4,115 2,117 1,118 1,119 3,120 1,123 1,125 4,127 1,172 2,184 3,211 4,212 2,222 1,224 1,225 1,226 1,231 2,238 2,243 1,244 2,245 2,250 3,251 3,253 2,255 3,258 6,292 4,293 4,295 2,296 2,298 3,300 3,301 1,302 6,303 1,304 3,305 3,353 1,357 1,394 2,395 2,396 1,402 1,416 1,431 1,461 
416 1,211 1,243 1,251 1,253 1,292 1,293 1,295 1,297 1,299 1,302 1,394 1,415 1,417 
417 1,243 1,251 1,293 1,295 1,416 
418 1,212 1,228 1,239 1,241 1,251 1,253 1,254 1,255 1,295 1,302 2,396 1,397 2,419 1,420 3,421 1,422 1,423 1,424 
419 1,251 1,253 1,396 1,397 2,418 1,420 2,421 1,422 
420 1,246 1,251 1,397 1,418 1,419 1,421 1,422 1,423 1,424 
421 1,251 1,253 1,255 1,302 2,396 1,397 3,418 2,419 1,420 1,422 
422 1,246 1,253 1,396 1,418 1,419 1,420 1,421 1,423 1,424 
423 1,246 1,295 1,418 1,420 1,422 2,424 
424 1,246 1,295 1,418 1,420 1,422 2,423 
425 1,211 1,248 2,426 1,427 
426 2,425 1,427 1,428 1,429 
427 1,248 1,425 1,426 1,428 1,429 
428 1,426 1,427 4,429 
429 1,426 1,427 4,428 
430 6,1 1,2 30,164 5,165 15,210 23,211 5,212 1,217 1,218 14,247 15,250 4,251 3,252 3,259 3,287 20,290 25,291 1,353 1,354 1,357 1,359 22,365 26,366 2,377 1,379 1,380 1,382 5,385 1,386 1,387 13,393 15,394 6,395 2,396 
431 1,39 3,40 1,111 1,112 1,125 1,127 3,172 1,210 2,211 1,238 2,250 3,251 5,252 1,254 1,258 9,292 5,294 1,353 1,394 5,395 4,396 1,413 6,414 1,415 4,432 2,433 1,444 1,448 1,451 1,452 
432 7,40 2,112 2,168 3,172 2,211 2,212 2,250 2,251 4,252 2,253 1,254 1,288 3,292 10,294 2,320 2,394 3,395 4,396 4,431 9,433 5,434 1,435 1,436 3,437 1,441 1,445 
433 7,40 1,112 1,168 10,172 2,211 2,212 1,250 6,251 8,252 3,253 1,254 11,294 8,320 8,395 6,396 2,431 9,432 9,434 4,435 
434 8,40 7,168 5,172 1,174 1,211 8,212 1,244 1,246 3,251 4,252 4,253 2,254 2,257 1,288 1,292 4,320 5,395 1,396 5,432 9,433 7,435 8,437 1,438 4,441 2,442 1,445 1,447 1,453 
435 4,39 5,40 1,49 1,52 1,54 1,55 1,56 4,57 1,58 2,59 1,60 2,84 3,85 3,86 7,87 2,88 11,89 26,90 30,91 3,92 24,93 16,94 11,96 13,97 6,98 5,99 1,100 9,102 1,103 1,104 18,119 10,121 1,141 1,144 2,145 1,146 2,148 1,150 2,151 2,152 1,153 16,168 8,172 2,173 3,174 4,176 5,177 7,179 6,180 8,181 9,182 1,183 8,184 4,185 3,186 2,187 4,189 8,190 3,191 10,192 8,193 1,200 1,211 26,212 1,227 3,228 2,245 1,246 1,247 2,250 3,251 10,252 18,253 22,254 9,255 1,256 19,257 1,265 7,266 2,267 2,268 4,270 3,271 2,272 1,273 3,274 2,275 4,276 3,277 1,291 2,293 2,294 10,296 3,317 3,318 1,319 9,320 5,322 7,323 5,325 12,326 7,327 3,328 13,331 10,332 12,333 1,334 4,335 1,337 6,339 3,340 9,341 3,342 9,343 9,353 1,394 9,395 19,396 1,398 2,399 1,402 1,405 1,432 4,433 7,434 2,436 3,437 1,439 3,441 1,442 2,445 2,446 3,452 8,461 
436 2,40 6,168 4,172 3,212 1,245 1,246 1,251 3,252 2,253 4,254 1,255 1,258 2,320 2,394 3,395 1,396 1,397 1,414 1,432 2,435 3,437 2,438 2,439 5,441 3,442 3,445 1,448 1,452 
437 1,40 5,168 1,174 5,212 2,251 3,253 1,254 1,255 2,257 1,288 2,395 1,414 3,432 8,434 3,435 3,436 3,438 2,439 2,440 5,441 4,442 1,447 1,448 
438 1,174 2,253 1,254 3,255 1,395 3,396 1,434 2,436 3,437 2,441 1,442 2,444 1,445 2,447 3,448 1,450 3,451 5,452 2,453 
439 2,168 1,174 3,212 1,244 3,253 1,254 2,320 1,395 2,396 1,398 1,435 2,436 2,437 5,440 3,444 2,445 1,452 
440 2,168 2,212 1,244 2,253 1,254 1,396 2,437 5,439 2,444 2,445 1,446 1,447 1,450 
441 4,40 6,168 2,212 1,252 4,253 7,254 1,255 1,257 1,292 1,294 1,394 2,395 3,396 1,399 1,414 1,432 4,434 3,435 5,436 5,437 2,438 13,442 1,444 2,445 3,446 2,448 2,449 1,451 4,452 
442 1,40 4,168 1,172 3,212 1,244 1,252 4,253 6,254 1,255 1,257 1,394 1,395 2,396 1,397 1,414 2,434 1,435 3,436 4,437 1,438 13,441 3,444 1,445 5,446 4,448 2,449 1,451 7,452 1,453 
443 
444 1,168 1,174 1,244 1,253 1,255 1,257 1,396 1,398 1,431 2,438 3,439 2,440 1,441 3,442 2,445 2,446 4,448 2,449 5,451 8,452 1,453 
445 2,40 6,168 2,172 1,212 1,245 1,246 2,253 1,254 2,396 1,398 1,432 1,434 2,435 3,436 1,438 2,439 2,440 2,441 1,442 2,444 1,446 1,447 1,448 1,449 1,450 4,452 1,453 
446 1,40 2,172 1,212 2,253 1,254 2,255 2,257 2,396 1,398 1,399 2,435 1,440 3,441 5,442 2,444 1,445 1,447 4,448 2,449 1,450 2,451 8,452 1,453 
447 1,168 1,174 1,194 2,254 1,434 1,437 2,438 1,440 1,445 1,446 4,450 3,452 2,453 1,457 
448 1,212 1,253 2,254 1,255 2,396 1,399 1,431 1,436 1,437 3,438 2,441 4,442 4,444 1,445 4,446 5,451 10,452 2,453 
449 1,168 1,172 2,255 1,257 3,396 2,441 2,442 2,444 1,445 2,446 4,451 6,452 1,453 
450 1,168 2,254 1,438 1,440 1,445 1,446 4,447 1,451 3,452 2,453 
451 1,168 1,172 1,254 2,255 1,257 4,396 1,431 3,438 1,441 1,442 5,444 2,446 5,448 4,449 1,450 10,452 2,453 1,454 
452 1,40 1,115 1,118 1,127 1,148 2,150 1,151 1,152 2,168 2,172 1,174 1,183 1,184 1,185 2,186 1,193 1,212 4,253 5,254 4,255 4,257 1,268 2,269 3,270 1,273 1,274 2,276 1,277 1,317 1,323 1,331 1,332 1,333 1,334 1,336 1,340 1,341 1,353 8,396 1,398 1,399 1,431 3,435 1,436 5,438 1,439 4,441 7,442 8,444 4,445 8,446 3,447 10,448 6,449 3,450 10,451 5,453 1,454 1,457 
453 1,40 1,245 1,396 1,434 2,438 1,442 1,444 1,445 1,446 2,447 2,448 1,449 2,450 2,451 5,452 
454 1,283 1,302 1,451 1,452 2,455 1,456 1,457 2,458 
455 1,200 1,302 1,344 1,347 2,454 2,456 3,457 1,458 1,459 2,460 
456 1,454 2,455 
457 2,194 1,199 1,447 1,452 1,454 3,455 1,460 
458 1,200 1,283 1,344 1,347 2,454 1,455 1,459 2,460 
459 1,200 1,455 1,458 1,460 
460 1,200 2,455 1,457 2,458 1,459 
461 1,67 1,69 1,73 1,112 6,141 4,142 6,144 7,145 4,146 3,147 2,149 2,151 1,152 1,153 1,171 1,172 5,173 8,174 7,176 10,177 3,179 19,180 13,181 15,182 10,184 2,185 2,186 2,187 4,189 6,190 8,191 8,192 15,193 1,211 16,212 1,246 1,250 2,251 6,252 16,253 13,254 4,255 5,256 4,257 1,258 6,260 1,261 6,262 1,263 3,264 1,265 3,266 1,267 6,268 4,269 3,270 3,271 2,274 4,275 1,277 1,278 1,293 7,295 9,296 1,297 6,317 5,318 6,353 2,394 8,395 9,396 1,397 1,415 8,435 
