1 5,2 24,4 3,5 1,6 2,7 2,8 56,21 1,22 100,23 5,24 27,25 44,26 1,27 66,28 7,29 56,30 27,31 27,32 5,33 2,34 1,35 29,36 2,37 2,38 6,39 7,40 11,41 6,42 17,44 8,46 2,47 3,49 1,53 5,54 2,58 2,59 2,60 5,63 3,64 1,70 2,71 1,72 2,73 1,78 1,96 1,105 2,107 1,110 1,116 1,126 3,133 4,142 1,155 1,163 3,190 25,191 1,193 21,196 11,197 1,198 2,199 1,200 2,201 3,202 1,206 1,210 6,211 2,212 3,224 35,229 2,230 7,231 3,232 2,233 2,234 3,236 1,238 1,239 4,241 1,248 1,250 2,257 1,264 1,267 1,268 3,269 1,270 1,282 2,283 23,289 1,306 34,320 1,322 6,323 1,324 1,326 1,328 1,329 58,335 99,336 1,337 2,338 4,339 32,340 6,341 1,346 9,348 3,349 54,350 67,351 7,352 3,353 3,354 2,355 5,356 3,358 4,359 2,360 6,361 29,362 1,365 1,366 1,368 1,373 1,377 
2 5,1 10,3 13,4 4,5 4,25 13,26 89,28 1,29 5,30 3,31 4,32 1,35 1,36 2,40 1,44 1,53 1,57 1,59 1,75 1,119 1,141 7,191 2,211 4,224 10,229 1,241 1,258 1,260 8,268 5,269 1,282 4,289 22,320 1,321 1,323 4,335 1,336 1,341 4,348 1,349 12,350 15,351 70,361 17,362 2,366 
3 10,2 96,4 10,5 4,26 3,28 9,30 16,31 1,32 4,38 17,40 1,41 1,42 3,55 1,58 1,139 1,146 5,191 1,204 3,211 90,229 1,262 1,267 1,268 1,269 2,272 1,281 1,288 1,289 1,293 1,320 1,322 8,323 2,341 3,348 1,349 1,350 2,351 1,352 1,354 2,356 1,357 12,361 
4 24,1 13,2 96,3 15,5 1,6 2,7 7,21 2,25 8,26 13,28 1,29 14,30 17,31 4,32 1,33 2,34 4,36 4,38 1,39 19,40 4,41 2,42 1,44 2,46 1,49 3,55 1,58 1,60 4,63 3,64 1,87 1,139 1,146 1,163 1,190 14,191 1,196 1,197 1,199 2,200 2,201 1,202 1,204 1,206 6,211 96,229 1,260 1,262 1,267 1,268 8,269 2,272 1,281 1,282 1,283 1,288 6,289 1,293 1,320 2,322 14,323 1,324 1,325 5,335 1,336 1,338 1,339 1,340 9,341 1,344 1,345 2,348 1,349 6,350 7,351 3,352 1,354 4,356 1,357 15,361 1,362 
5 3,1 4,2 10,3 15,4 1,28 3,191 9,229 1,289 1,335 1,350 1,351 
6 1,1 1,4 1,21 1,63 
7 2,1 2,4 1,40 1,63 1,324 
8 2,1 33,9 1,21 2,22 2,23 1,25 1,26 3,28 4,30 1,36 1,41 1,42 1,54 1,57 2,58 3,59 1,60 5,71 1,72 2,73 1,77 2,80 3,89 1,90 1,92 1,93 1,96 1,102 7,104 8,105 7,106 1,107 1,110 1,118 1,119 1,124 1,126 3,132 4,133 6,134 1,138 1,142 1,146 1,177 1,178 1,193 7,198 1,199 1,200 1,201 1,202 9,221 10,223 2,224 3,241 1,257 9,267 2,268 1,269 4,270 6,271 2,282 1,283 1,284 1,285 2,287 1,288 18,289 11,290 10,291 1,313 1,314 1,320 3,336 6,337 1,348 1,351 4,365 10,366 3,368 1,369 2,371 4,374 1,377 3,380 
9 33,8 1,13 1,14 2,134 2,198 9,221 9,223 1,257 1,266 6,267 3,271 1,273 1,276 1,278 2,282 2,289 1,337 3,366 2,371 1,380 
10 19,11 11,12 1,13 2,15 5,16 4,17 5,18 6,19 7,20 1,25 1,60 1,171 1,221 11,222 11,226 1,266 1,289 1,369 1,380 
11 19,10 1,13 2,15 5,16 4,17 5,18 6,19 7,20 1,25 1,60 1,86 1,148 1,171 1,266 1,289 1,371 2,380 
12 11,10 1,221 11,222 11,226 
13 1,9 1,10 1,11 15,14 4,16 3,17 7,18 9,19 8,20 2,266 1,288 1,318 
14 1,9 15,13 4,16 3,17 8,18 10,19 8,20 2,266 1,285 1,288 1,318 1,374 1,378 
15 2,10 2,11 1,380 
16 5,10 5,11 4,13 4,14 3,17 3,18 4,19 2,20 
17 4,10 4,11 3,13 3,14 3,16 1,18 2,19 4,20 
18 5,10 5,11 7,13 8,14 3,16 1,17 7,19 6,20 1,25 1,285 1,288 
19 6,10 6,11 9,13 10,14 4,16 2,17 7,18 7,20 1,266 1,285 1,288 
20 7,10 7,11 8,13 8,14 2,16 4,17 6,18 7,19 1,25 1,171 1,266 1,289 
21 56,1 7,4 1,6 1,8 18,25 11,26 1,28 2,30 1,33 5,54 3,55 2,63 10,71 7,73 1,74 1,75 1,76 1,77 2,80 1,84 2,85 1,90 2,94 1,96 1,102 8,104 7,105 7,106 2,107 4,109 2,110 1,115 1,117 1,118 2,119 2,124 4,132 9,133 2,134 1,140 1,141 3,142 1,162 1,163 1,176 1,190 1,191 9,198 2,199 1,200 3,201 2,202 1,211 1,222 1,223 6,224 3,229 5,231 2,234 1,236 2,239 6,241 1,244 1,248 2,257 1,258 1,259 1,268 1,269 3,270 2,271 1,283 1,284 8,289 1,306 19,320 31,335 37,336 3,337 11,348 1,349 18,350 28,351 1,352 1,361 1,362 1,365 6,366 1,368 1,369 1,373 1,374 1,378 
22 1,1 2,8 2,25 6,54 1,55 10,71 1,72 6,73 1,84 1,85 1,90 1,93 1,96 1,99 2,104 2,132 8,133 8,134 1,146 1,178 15,198 2,224 9,241 1,257 1,271 1,282 3,289 1,290 1,293 1,294 1,306 1,313 2,337 4,366 
23 100,1 2,8 37,25 111,26 1,28 1,29 1,30 1,46 32,54 5,55 1,57 1,58 1,59 1,70 6,71 12,73 1,85 1,89 4,104 3,105 3,106 16,133 5,134 1,181 1,182 1,183 1,184 1,185 1,191 16,198 5,224 16,241 6,257 1,258 1,259 2,260 15,268 13,270 2,271 1,281 3,282 14,289 1,306 64,320 8,321 71,335 164,336 32,348 4,349 46,350 74,351 6,366 
24 5,1 5,26 1,29 1,32 1,71 1,73 1,133 1,224 1,241 6,270 3,289 31,320 13,321 1,328 1,329 1,330 1,332 33,336 14,348 5,349 2,350 11,351 1,366 
25 27,1 4,2 2,4 1,8 1,10 1,11 1,18 1,20 18,21 2,22 37,23 20,28 13,30 4,31 2,32 2,34 1,36 2,39 1,40 2,41 1,42 7,54 2,55 7,59 1,64 1,66 1,68 2,71 1,72 2,73 1,77 1,84 1,96 1,133 1,143 1,172 1,191 1,198 1,223 1,224 1,229 2,231 2,234 1,236 3,241 1,257 2,258 1,259 1,260 2,268 3,270 1,282 4,289 53,335 2,336 1,337 4,350 4,351 3,361 3,366 
26 44,1 13,2 4,3 8,4 1,8 11,21 111,23 5,24 40,28 9,29 31,30 12,31 8,32 3,33 3,36 3,37 1,38 5,39 9,41 2,42 1,44 2,46 1,53 16,54 2,55 2,59 2,71 6,73 1,127 9,133 2,134 1,137 1,190 2,191 5,198 3,211 2,224 1,225 1,226 1,229 1,232 3,241 6,257 1,260 7,268 7,270 1,282 5,289 35,335 92,336 6,348 2,349 17,350 23,351 1,355 2,356 1,358 1,359 8,361 1,362 2,366 
27 1,1 1,30 1,32 1,38 1,41 2,42 2,54 1,58 3,59 2,60 1,61 2,63 1,66 1,72 1,75 1,80 1,84 1,107 1,109 1,110 1,124 2,127 1,134 2,142 1,147 1,190 1,192 1,193 1,204 1,206 1,230 1,267 1,285 1,293 1,315 1,377 
28 66,1 89,2 3,3 13,4 1,5 3,8 1,21 1,23 20,25 40,26 204,30 71,31 71,32 12,33 6,34 9,35 11,36 1,37 2,38 12,39 7,40 13,41 6,42 3,44 1,46 1,53 3,54 2,55 1,57 2,58 48,59 6,60 3,63 1,66 1,67 3,68 2,69 1,73 2,75 1,76 1,84 3,85 1,94 2,104 1,108 1,119 1,124 1,127 2,132 6,133 1,138 1,141 2,142 2,143 1,155 1,167 2,190 2,191 2,192 1,198 1,201 1,202 2,204 2,206 4,224 24,229 2,230 4,241 1,257 2,258 1,260 1,266 2,267 24,268 10,269 1,270 2,271 3,273 3,278 2,281 3,282 1,283 12,289 2,293 22,320 1,321 3,323 1,326 1,328 1,329 19,335 9,336 7,340 5,341 1,347 7,348 1,349 33,350 38,351 2,352 3,353 1,354 1,355 1,358 4,359 1,360 73,361 22,362 3,366 1,368 1,377 
29 7,1 1,2 1,4 1,23 1,24 9,26 14,30 11,31 7,32 5,33 9,34 1,36 1,37 2,38 2,39 1,40 4,41 1,42 1,45 27,46 3,47 1,48 4,49 1,51 2,52 1,54 1,59 1,63 1,67 1,72 1,181 1,182 1,183 1,184 1,185 1,268 2,269 9,320 14,323 2,326 1,327 5,328 4,329 7,330 8,332 1,333 1,334 1,336 14,339 1,348 1,351 1,361 2,362 
30 56,1 5,2 9,3 14,4 4,8 2,21 1,23 13,25 31,26 1,27 204,28 14,29 81,31 71,32 17,33 7,34 9,35 54,36 7,37 8,38 13,39 11,40 30,41 22,42 23,44 1,53 2,54 1,55 1,57 2,58 49,59 5,60 3,63 2,66 1,67 3,68 2,69 1,72 1,73 1,75 1,83 1,84 1,89 1,94 2,104 1,108 1,116 1,124 2,127 2,132 7,133 1,135 1,138 2,143 1,146 1,167 3,224 37,229 2,230 1,258 1,266 2,267 18,268 3,269 1,270 2,271 2,273 1,274 3,278 6,281 4,282 1,283 7,289 1,293 1,315 5,320 5,323 7,335 1,336 1,339 1,341 1,342 1,343 1,347 2,348 1,349 22,350 24,351 1,353 1,354 1,357 2,358 1,359 10,361 1,362 3,366 1,368 
31 27,1 3,2 16,3 17,4 4,25 12,26 71,28 11,29 81,30 3,32 3,33 2,34 2,35 30,36 3,37 3,38 2,39 1,40 8,41 5,42 1,43 20,44 3,46 1,49 1,54 4,59 2,60 1,67 1,68 2,72 1,73 1,75 1,79 1,80 1,83 2,85 1,90 1,104 1,108 1,133 1,143 2,206 27,229 1,230 1,241 1,257 4,268 1,269 1,270 1,273 1,274 4,278 4,281 1,282 1,283 3,289 1,293 1,310 3,320 1,323 4,335 1,336 3,348 10,350 12,351 1,352 1,356 1,358 7,361 
32 27,1 4,2 1,3 4,4 1,24 2,25 8,26 1,27 71,28 7,29 71,30 3,31 3,33 1,34 1,35 14,36 4,37 4,38 2,39 2,40 4,41 1,42 7,44 3,46 1,49 1,54 1,55 2,59 4,63 2,66 1,67 1,69 1,73 2,89 1,93 1,104 1,109 3,133 1,137 1,167 3,191 1,192 2,196 1,198 1,202 1,204 1,206 1,224 8,229 1,230 1,244 2,257 1,266 2,267 10,268 3,269 3,289 2,293 1,309 2,320 1,328 1,329 1,330 1,332 2,335 2,336 1,341 8,350 8,351 1,353 1,357 2,358 3,361 1,362 
33 5,1 1,4 1,21 3,26 12,28 5,29 17,30 3,31 3,32 1,35 10,36 5,37 4,38 4,39 4,40 1,41 3,42 3,44 3,46 1,47 5,49 1,54 1,58 2,59 2,66 1,68 1,72 1,85 1,89 1,133 1,201 1,204 1,224 1,268 3,269 1,281 1,323 1,328 1,329 1,330 1,332 2,336 1,339 1,348 1,351 1,361 1,368 
34 2,1 2,4 2,25 6,28 9,29 7,30 2,31 1,32 5,36 1,37 2,38 2,41 1,46 2,206 2,229 1,268 2,320 3,323 2,326 2,328 2,329 4,330 4,332 1,335 1,336 4,361 
35 1,1 1,2 9,28 9,30 2,31 1,32 1,33 6,36 4,38 3,39 3,40 2,41 4,42 2,44 1,54 1,55 2,59 1,66 1,85 1,87 1,132 4,133 1,138 1,142 1,198 1,201 3,202 2,224 2,229 1,241 
36 29,1 1,2 4,4 1,8 1,25 3,26 11,28 1,29 54,30 30,31 14,32 10,33 5,34 6,35 22,37 26,38 35,39 37,40 66,41 46,42 1,43 59,44 1,57 2,58 9,59 2,60 1,66 1,68 1,83 1,89 1,116 1,117 1,119 1,133 1,135 1,137 1,146 1,179 1,201 2,224 28,229 2,241 1,257 1,267 8,268 1,269 1,271 4,281 4,282 2,283 1,288 4,289 2,293 3,320 1,323 1,335 2,341 1,347 1,348 3,350 4,351 1,357 1,358 19,361 1,366 
37 2,1 3,26 1,28 1,29 7,30 3,31 4,32 5,33 1,34 22,36 20,38 1,39 6,41 3,42 1,44 3,46 2,47 1,48 5,49 1,58 1,133 1,135 3,229 2,268 1,269 2,281 1,323 1,330 1,332 1,333 1,339 1,348 1,351 1,366 
38 2,1 4,3 4,4 1,26 1,27 2,28 2,29 8,30 3,31 4,32 4,33 2,34 4,35 26,36 20,37 3,39 3,40 6,41 3,42 3,44 3,46 2,49 2,54 1,58 1,59 1,66 1,83 1,87 5,133 1,135 1,192 3,202 2,206 1,224 6,229 1,241 2,268 3,281 1,320 1,324 1,336 1,348 1,351 1,366 
39 6,1 1,4 2,25 5,26 12,28 2,29 13,30 2,31 2,32 4,33 3,35 35,36 1,37 3,38 35,40 23,41 5,42 2,43 3,46 3,49 1,104 1,200 1,201 2,202 3,206 2,229 1,241 1,257 1,268 1,289 1,335 1,336 1,341 2,361 
40 7,1 2,2 17,3 19,4 1,7 1,25 7,28 1,29 11,30 1,31 2,32 4,33 3,35 37,36 3,38 35,39 17,41 4,42 1,43 3,44 1,46 1,49 1,63 1,211 19,229 1,257 1,268 2,335 1,347 3,361 
41 11,1 1,3 4,4 1,8 2,25 9,26 1,27 13,28 4,29 30,30 8,31 4,32 1,33 2,34 2,35 66,36 6,37 6,38 23,39 17,40 40,42 3,43 11,44 2,46 1,48 5,49 4,54 1,57 5,59 5,60 1,66 1,67 1,68 1,73 2,89 1,104 2,109 1,116 1,117 1,133 1,146 1,179 1,191 1,198 1,201 2,202 4,206 4,229 1,241 3,268 1,278 1,281 3,282 2,283 1,288 4,289 3,320 1,323 1,324 1,335 1,340 2,341 1,348 1,351 1,355 1,356 5,361 1,362 1,366 1,377 
42 6,1 1,3 2,4 1,8 1,25 2,26 2,27 6,28 1,29 22,30 5,31 1,32 3,33 4,35 46,36 3,37 3,38 5,39 4,40 40,41 5,44 1,46 1,48 6,49 1,54 1,57 1,58 7,59 2,60 2,66 1,68 1,80 1,89 1,109 1,116 1,117 1,134 1,142 1,146 1,179 1,201 1,206 3,229 1,267 2,268 1,271 1,274 1,278 3,281 2,282 2,283 1,285 1,288 1,289 1,293 4,320 1,335 1,336 1,355 1,356 3,361 
43 1,31 1,36 2,39 1,40 3,41 1,46 2,54 1,59 1,60 1,67 1,142 2,271 1,272 3,273 1,278 3,281 
44 17,1 1,2 1,4 1,26 3,28 23,30 20,31 7,32 3,33 2,35 59,36 1,37 3,38 3,40 11,41 5,42 1,58 1,66 1,93 1,119 2,224 23,229 1,241 1,267 2,268 1,269 2,282 3,289 1,293 1,320 1,335 2,341 1,347 3,350 3,351 1,357 1,358 12,361 
45 1,29 1,48 1,323 
46 8,1 2,4 1,23 2,26 1,28 27,29 3,31 3,32 3,33 1,34 3,37 3,38 3,39 1,40 2,41 1,42 1,43 3,47 1,48 5,49 1,67 1,163 1,181 1,182 1,183 1,184 1,185 1,192 1,268 1,269 5,320 1,322 11,323 1,330 1,332 1,333 17,339 1,341 1,342 1,343 1,344 1,345 1,346 1,348 1,350 3,351 1,352 1,354 1,356 1,357 2,361 1,362 
47 2,1 3,29 1,33 2,37 3,46 1,48 2,49 1,50 1,51 2,52 2,269 1,323 1,330 1,332 1,333 1,339 1,348 2,351 1,354 
48 1,29 1,37 1,41 1,42 1,45 1,46 1,47 4,49 1,50 4,323 2,339 1,362 
49 3,1 1,4 4,29 1,31 1,32 5,33 5,37 2,38 3,39 1,40 5,41 6,42 5,46 2,47 4,48 4,269 4,323 3,339 1,348 1,351 2,361 1,362 
50 1,47 1,48 1,323 
51 1,29 1,47 1,52 
52 2,29 2,47 1,51 
53 1,1 1,2 1,26 1,28 1,30 1,123 1,131 1,191 1,350 1,351 
54 5,1 1,8 5,21 6,22 32,23 7,25 16,26 2,27 3,28 1,29 2,30 1,31 1,32 1,33 1,35 2,38 4,41 1,42 2,43 5,59 6,60 2,63 1,67 1,68 3,71 7,73 1,85 1,87 1,104 1,109 1,110 1,116 1,118 1,132 8,133 1,134 1,140 1,141 1,142 1,155 11,198 1,201 1,202 2,206 3,224 6,241 1,259 1,267 1,270 2,271 2,282 5,289 1,290 1,291 1,306 1,310 1,320 10,335 16,336 2,337 1,350 1,351 2,366 1,380 
55 3,3 3,4 3,21 1,22 5,23 2,25 2,26 2,28 1,30 1,32 1,35 1,59 4,71 2,73 1,77 1,80 1,93 1,104 2,132 1,133 2,198 1,224 3,229 1,241 1,257 1,282 3,289 1,320 2,335 3,336 1,337 3,366 
56 2,57 2,64 2,65 
57 1,2 1,8 1,23 1,28 1,30 1,36 1,41 1,42 2,56 2,58 2,59 1,60 1,61 1,63 4,64 3,65 1,66 1,68 1,74 1,135 1,138 1,143 1,146 1,152 1,266 1,268 1,361 
58 2,1 1,3 1,4 2,8 1,23 1,27 2,28 2,30 1,33 2,36 1,37 1,38 1,42 1,44 2,57 5,59 2,60 2,61 3,62 2,63 2,64 5,65 4,66 2,68 1,79 1,80 1,86 1,94 1,101 1,136 1,142 1,190 1,191 2,193 1,202 1,206 1,229 2,230 1,231 1,241 1,246 1,259 1,261 1,266 1,278 1,283 1,284 2,285 1,287 2,289 1,293 2,377 
59 2,1 1,2 3,8 1,23 7,25 2,26 3,27 48,28 1,29 49,30 4,31 2,32 2,33 2,35 9,36 1,38 5,41 7,42 1,43 5,54 1,55 2,57 5,58 12,60 2,61 4,63 2,64 4,66 4,68 1,69 1,73 1,83 1,84 2,89 1,94 1,124 3,132 3,133 1,140 1,141 7,142 1,143 1,146 1,198 1,199 1,200 1,201 1,202 6,229 6,241 1,258 1,259 1,261 2,267 2,268 1,271 2,282 1,285 1,306 1,318 1,323 3,335 1,336 7,350 7,351 1,361 2,366 1,368 2,371 1,373 
60 2,1 1,4 1,8 1,10 1,11 2,27 6,28 5,30 2,31 2,36 5,41 2,42 1,43 6,54 1,57 2,58 12,59 2,61 3,63 3,66 1,67 3,68 1,72 1,73 2,87 4,89 1,107 1,110 1,116 1,118 1,126 2,142 1,146 1,155 1,196 1,198 2,199 2,200 2,201 1,202 2,203 2,206 1,229 1,241 1,262 1,267 1,282 1,306 1,310 1,311 1,312 3,350 3,351 1,365 1,368 1,369 1,371 2,374 
61 1,27 1,57 2,58 2,59 2,60 1,62 3,66 3,68 1,198 1,262 1,266 1,285 1,293 1,350 1,351 
62 3,58 1,61 1,64 3,65 3,66 1,68 1,136 
63 5,1 4,4 1,6 1,7 2,21 2,27 3,28 1,29 3,30 4,32 1,40 2,54 1,57 2,58 4,59 3,60 1,64 2,65 2,66 1,73 1,191 1,193 1,196 2,211 1,229 2,350 2,351 1,371 1,377 
64 3,1 3,4 1,25 2,56 4,57 2,58 2,59 1,62 1,63 5,65 2,66 2,68 1,136 3,191 1,278 1,284 1,285 1,287 1,288 1,335 
65 2,56 3,57 5,58 3,62 2,63 5,64 3,66 1,115 1,116 2,119 1,120 1,121 1,127 1,128 3,130 1,136 1,180 1,278 
66 1,25 1,27 1,28 2,30 2,32 2,33 1,35 1,36 1,38 1,41 2,42 1,44 1,57 4,58 4,59 3,60 3,61 3,62 2,63 2,64 3,65 7,68 1,89 1,262 1,285 
67 1,28 1,29 1,30 1,31 1,32 1,41 1,43 1,46 1,54 1,60 1,147 1,155 1,202 1,271 
68 1,25 3,28 3,30 1,31 1,33 1,36 1,41 1,42 1,54 1,57 2,58 4,59 3,60 3,61 1,62 2,64 7,66 1,89 1,146 1,150 1,155 1,200 1,202 1,262 1,285 1,371 
69 2,28 2,30 1,32 1,59 
70 1,1 1,23 1,335 
71 2,1 5,8 10,21 10,22 6,23 1,24 2,25 2,26 3,54 4,55 13,73 1,104 9,132 12,133 8,134 7,198 1,224 1,241 2,257 1,258 3,270 7,271 10,289 3,306 2,335 2,336 3,337 8,366 
72 1,1 1,8 1,22 1,25 1,27 1,29 1,30 2,31 1,33 1,60 1,73 2,74 4,75 3,76 10,77 1,78 1,79 15,80 1,81 2,83 4,84 5,85 1,86 3,87 4,89 2,90 1,91 11,96 1,97 1,99 1,101 1,102 1,103 1,133 1,134 1,135 1,136 1,138 2,139 5,142 2,143 1,146 1,153 2,155 1,187 2,198 1,199 1,201 1,202 2,204 1,222 7,223 1,224 2,225 1,226 1,238 2,241 1,257 1,267 1,268 3,289 1,309 1,318 1,335 1,350 2,351 1,366 1,369 2,372 
73 2,1 2,8 7,21 6,22 12,23 1,24 2,25 6,26 1,28 1,30 1,31 1,32 1,41 7,54 2,55 1,59 1,60 1,63 13,71 1,72 2,87 2,89 1,104 7,132 11,133 5,134 3,142 1,143 1,198 1,199 1,202 1,203 11,224 3,241 1,257 1,258 1,267 2,268 1,270 2,271 6,289 5,306 2,307 2,308 2,309 2,320 1,335 5,336 2,337 1,350 1,351 7,366 2,369 1,372 1,373 1,377 
74 1,21 1,57 2,72 1,75 1,77 2,80 1,83 1,85 1,93 1,94 1,96 1,99 1,102 1,135 1,136 1,138 1,141 1,143 1,145 2,146 1,152 1,154 1,223 1,262 1,289 
75 1,2 1,21 1,27 2,28 1,30 1,31 4,72 1,74 2,76 3,77 1,78 7,80 1,82 3,83 1,84 1,85 5,86 2,87 1,89 1,90 2,92 1,93 4,94 1,96 1,100 4,101 1,102 1,103 1,118 2,133 2,135 3,136 2,138 3,139 1,140 1,141 1,142 2,143 2,145 7,146 2,147 3,149 2,152 1,153 4,155 1,191 1,192 1,193 1,199 1,200 1,201 1,202 1,204 1,225 1,231 1,238 1,249 1,267 1,306 1,350 1,351 1,362 1,377 
76 1,21 1,28 3,72 2,75 9,80 1,81 1,84 3,85 4,87 3,89 2,90 1,91 2,92 4,94 2,96 1,98 1,100 1,102 1,134 1,136 1,139 1,146 1,221 1,224 1,225 1,244 2,267 2,271 1,274 1,275 1,313 1,366 1,367 2,373 
77 1,8 1,21 1,25 1,55 10,72 1,74 3,75 3,78 1,79 13,80 1,82 1,83 3,85 4,86 2,87 2,89 4,90 1,92 2,93 2,96 3,97 2,100 2,102 1,103 1,109 1,115 1,133 2,135 1,143 4,146 1,201 1,222 1,223 1,238 1,262 5,267 1,289 1,318 1,371 1,372 
78 1,1 1,72 1,75 3,77 3,80 1,82 1,83 2,86 1,89 2,90 1,95 1,96 1,97 1,100 1,102 1,109 1,138 1,146 1,147 1,152 1,200 1,206 1,267 1,313 1,335 1,366 
79 1,31 1,58 1,72 1,77 4,80 1,86 1,87 2,90 1,92 1,94 1,97 1,101 1,138 1,144 1,203 1,289 1,313 
80 2,8 2,21 1,27 1,31 1,42 1,55 1,58 15,72 2,74 7,75 9,76 13,77 3,78 4,79 1,84 8,85 3,86 4,87 6,89 6,90 6,92 4,93 7,94 3,95 1,96 6,97 1,100 3,101 4,102 1,103 1,115 1,119 1,127 2,133 2,134 1,135 2,136 2,138 2,139 3,146 1,147 2,149 1,151 1,198 1,204 1,206 1,222 1,223 1,224 1,226 5,267 1,271 2,289 1,335 1,366 2,367 1,371 1,372 1,373 
81 1,72 1,76 1,90 1,91 1,102 
82 1,75 1,77 1,78 2,83 1,84 1,90 1,101 1,146 
83 1,30 1,31 1,36 1,38 1,59 2,72 1,74 3,75 1,77 1,78 2,82 1,84 1,85 2,86 1,87 1,90 2,99 1,100 2,101 1,118 2,142 1,146 1,204 1,242 1,262 1,267 1,306 
84 1,21 1,22 1,25 1,27 1,28 1,30 1,59 4,72 1,75 1,76 1,80 1,82 1,83 3,85 4,87 1,90 1,93 1,96 2,99 1,101 1,132 1,133 1,135 1,141 5,142 3,146 2,147 1,191 3,199 2,200 2,201 2,202 1,203 2,206 1,223 1,241 1,267 1,268 1,309 1,350 2,351 1,373 
85 2,21 1,22 1,23 3,28 2,31 1,33 1,35 1,54 5,72 1,74 1,75 3,76 3,77 8,80 1,83 3,84 2,87 1,88 2,89 1,92 1,93 2,94 1,97 2,99 1,100 1,103 1,119 1,127 4,133 1,134 3,135 1,136 1,139 7,142 4,146 1,147 1,149 2,154 3,198 2,199 2,200 2,201 2,204 2,205 3,206 2,241 1,257 1,262 1,264 1,267 1,271 1,289 1,310 1,367 3,373 
86 1,11 1,58 1,72 5,75 4,77 2,78 1,79 3,80 2,83 1,94 2,96 1,99 2,100 2,101 1,102 1,109 1,135 1,136 3,138 1,139 4,142 2,143 1,145 1,146 2,147 1,148 1,151 2,152 3,155 4,199 4,200 4,201 3,202 3,204 1,222 1,231 1,237 1,238 1,239 1,240 2,241 1,242 2,267 1,289 1,365 1,368 2,373 1,375 
87 1,4 1,35 1,38 1,54 2,60 3,72 2,73 2,75 4,76 2,77 1,79 4,80 1,83 4,84 2,85 3,90 1,92 1,94 1,96 1,100 1,101 1,103 1,132 1,142 1,143 1,147 1,155 2,191 1,195 1,196 2,198 1,199 1,200 1,201 1,202 2,203 2,206 1,211 2,223 1,224 2,244 2,271 1,274 1,313 1,367 
88 1,85 1,140 1,141 3,142 1,198 2,199 2,200 2,201 1,204 1,241 1,242 1,257 1,274 1,279 
89 3,8 1,23 1,30 2,32 1,33 1,36 2,41 1,42 2,59 4,60 1,66 1,68 4,72 2,73 1,75 3,76 2,77 1,78 6,80 2,85 1,90 2,92 1,94 1,95 1,98 2,102 1,116 1,133 1,135 1,138 2,142 2,146 1,154 1,155 2,198 1,199 1,201 1,202 1,203 1,205 1,206 1,223 1,231 1,241 1,246 1,262 5,267 1,275 1,318 1,319 1,366 1,367 
90 1,8 1,21 1,22 1,31 2,72 1,75 2,76 4,77 2,78 2,79 6,80 1,81 1,82 1,83 1,84 3,87 1,89 1,91 3,92 1,93 1,94 3,95 4,96 2,97 1,99 1,102 1,133 1,206 1,222 3,223 1,225 1,244 1,268 1,289 2,313 1,367 
91 1,72 1,76 1,81 1,90 1,102 
92 1,8 2,75 2,76 1,77 1,79 6,80 1,85 1,87 2,89 3,90 1,94 2,95 1,97 1,133 3,138 2,139 1,145 3,146 3,149 2,267 1,350 1,351 
93 1,8 1,22 1,32 1,44 1,55 1,74 1,75 2,77 4,80 1,84 1,85 1,90 1,99 1,133 1,135 3,146 
94 2,21 1,28 1,30 1,58 1,59 1,74 4,75 4,76 1,79 7,80 2,85 1,86 1,87 1,89 1,90 1,92 2,95 1,96 1,98 2,101 1,102 2,133 2,136 1,139 1,146 1,221 1,224 1,231 1,240 1,267 1,275 1,289 
95 1,78 3,80 1,89 3,90 2,92 2,94 1,96 2,97 1,101 1,221 1,231 1,240 1,367 
96 1,1 1,8 1,21 1,22 1,25 11,72 1,74 1,75 2,76 2,77 1,78 1,80 1,84 2,86 1,87 4,90 1,94 1,95 1,101 1,133 1,143 2,221 2,222 8,223 1,224 3,225 1,231 2,238 2,240 1,241 1,244 2,289 1,351 
97 1,72 3,77 1,78 1,79 6,80 1,85 2,90 1,92 2,95 1,115 1,134 
98 1,76 1,89 1,94 1,267 1,275 
99 1,22 1,72 1,74 2,83 2,84 2,85 1,86 1,90 1,93 1,146 1,204 1,262 1,268 
100 1,75 1,76 2,77 1,78 1,80 1,83 1,85 2,86 1,87 1,109 1,146 2,267 1,271 1,367 
101 1,58 1,72 4,75 1,79 3,80 1,82 2,83 1,84 2,86 1,87 2,94 1,95 1,96 1,118 1,146 1,204 1,221 1,231 1,240 1,289 1,306 
102 1,8 1,21 1,72 1,74 1,75 1,76 2,77 1,78 4,80 1,81 1,86 2,89 1,90 1,91 1,94 3,267 
103 1,72 1,75 1,77 1,80 1,85 1,87 
104 7,8 8,21 2,22 4,23 2,28 2,30 1,31 1,32 1,39 1,41 1,54 1,55 1,71 1,73 44,105 44,106 2,133 1,134 1,141 1,142 4,198 1,224 1,241 25,282 1,320 1,336 1,337 1,350 1,351 1,366 1,369 1,370 
105 1,1 8,8 7,21 3,23 44,104 45,106 4,107 2,108 3,109 1,110 1,115 1,116 3,119 2,124 1,126 1,141 1,177 2,198 24,282 1,283 3,285 1,350 1,351 
106 7,8 7,21 3,23 44,104 45,105 1,109 1,115 2,116 1,118 1,125 1,126 1,141 1,198 1,267 25,282 1,350 1,351 
107 2,1 1,8 2,21 1,27 1,60 4,105 4,108 6,109 3,110 4,112 1,115 6,116 1,117 3,118 8,119 1,121 3,124 3,126 1,128 3,129 1,130 1,177 1,198 1,267 4,285 2,289 
108 1,28 1,30 1,31 2,105 4,107 4,109 1,110 2,112 1,115 2,116 4,119 1,129 1,198 1,244 1,283 1,284 3,285 1,306 
109 4,21 1,27 1,32 2,41 1,42 1,54 1,77 1,78 1,86 1,100 3,105 1,106 6,107 4,108 4,110 3,112 3,115 11,116 1,117 3,118 9,119 1,123 4,124 2,125 1,126 2,129 1,130 1,202 1,204 1,244 1,267 3,282 1,283 1,284 3,285 1,320 1,348 1,351 
110 1,1 1,8 2,21 1,27 1,54 1,60 1,105 3,107 1,108 4,109 1,112 3,116 1,117 3,119 1,123 3,126 1,306 
111 1,117 1,118 1,119 1,376 
112 4,107 2,108 3,109 1,110 3,116 1,119 2,126 8,129 1,161 1,177 1,188 1,189 1,198 1,244 2,284 2,289 
113 2,129 1,161 1,177 
114 1,124 1,127 1,129 1,282 
115 1,21 1,65 1,77 1,80 1,97 1,105 1,106 1,107 1,108 3,109 2,116 1,119 1,123 1,124 1,125 1,126 1,127 1,128 2,130 1,267 1,283 
116 1,1 1,30 1,36 1,41 1,42 1,54 1,60 1,65 1,89 1,105 2,106 6,107 2,108 11,109 3,110 3,112 2,115 1,117 4,118 7,119 1,122 3,123 3,124 1,125 4,126 2,127 3,128 2,129 1,130 1,190 1,191 1,196 2,198 1,202 1,210 1,258 2,267 1,270 4,282 1,285 1,287 1,289 
117 1,21 1,36 1,41 1,42 1,107 1,109 1,110 1,111 1,116 1,118 1,119 3,123 1,127 1,131 1,257 1,267 
118 1,8 1,21 1,54 1,60 1,75 1,83 1,101 1,106 3,107 3,109 1,111 4,116 1,117 6,119 2,121 3,124 3,125 2,127 1,128 1,161 1,270 7,282 1,284 2,285 3,289 1,306 1,366 2,374 
119 1,2 1,8 2,21 1,28 1,36 1,44 2,65 1,80 1,85 3,105 8,107 4,108 9,109 3,110 1,111 1,112 1,115 7,116 1,117 6,118 1,123 4,124 1,126 1,127 1,128 2,129 4,130 1,146 1,147 1,161 1,229 1,267 7,285 3,289 1,306 1,361 
120 1,65 1,124 2,127 1,180 1,370 
121 1,65 1,107 2,118 1,125 1,128 1,130 1,161 
122 1,116 1,124 1,127 
123 1,53 1,109 1,110 1,115 3,116 3,117 1,119 1,124 1,125 2,126 1,127 2,131 1,202 1,257 1,282 
124 1,8 2,21 1,27 1,28 1,30 1,59 2,105 3,107 4,109 1,114 1,115 3,116 3,118 4,119 1,120 1,122 1,123 1,126 5,127 2,129 1,161 1,177 2,282 2,285 1,320 1,348 1,351 1,370 1,374 
125 1,106 2,109 1,115 1,116 3,118 1,121 1,123 1,127 2,282 1,311 1,313 1,318 
126 1,1 1,8 1,60 1,105 1,106 3,107 1,109 3,110 2,112 1,115 4,116 1,119 2,123 1,124 1,129 1,188 1,189 1,267 2,282 
127 1,26 2,27 1,28 2,30 1,65 1,80 1,85 1,114 1,115 2,116 1,117 2,118 1,119 2,120 1,122 1,123 5,124 1,125 1,129 1,142 1,180 1,241 1,267 2,282 1,285 1,287 1,289 1,315 1,366 1,370 
128 1,65 1,107 1,115 3,116 1,118 1,119 1,121 1,180 1,258 1,315 1,374 
129 3,107 1,108 2,109 8,112 2,113 1,114 2,116 2,119 2,124 1,126 1,127 3,161 2,177 1,188 1,189 1,198 1,282 2,284 2,289 
130 3,65 1,107 1,109 2,115 1,116 4,119 1,121 
131 1,53 1,117 2,123 
132 3,8 4,21 2,22 2,28 2,30 1,35 1,54 2,55 3,59 9,71 7,73 1,84 1,87 1,142 2,198 3,224 1,229 2,257 3,271 3,289 1,306 2,335 5,366 1,373 
133 3,1 4,8 9,21 8,22 16,23 1,24 1,25 9,26 6,28 7,30 1,31 3,32 1,33 4,35 1,36 1,37 5,38 1,41 8,54 1,55 3,59 12,71 1,72 11,73 2,75 1,77 2,80 1,84 4,85 1,89 1,90 1,92 1,93 2,94 1,96 2,104 2,135 1,138 2,142 3,146 1,147 1,149 1,190 1,193 31,198 2,201 3,202 1,206 2,224 1,225 1,226 1,230 20,241 2,244 1,258 2,268 3,271 1,273 2,282 7,289 1,301 1,302 4,306 1,324 5,335 7,336 1,350 1,351 7,366 2,373 1,377 
134 6,8 2,9 2,21 8,22 5,23 2,26 1,27 1,42 1,54 8,71 1,72 5,73 1,76 2,80 1,85 1,97 1,104 1,142 1,178 6,198 1,200 1,224 3,241 1,258 2,270 3,271 3,289 2,320 1,335 3,336 1,337 2,366 
135 1,30 1,36 1,37 1,38 1,57 1,72 1,74 2,75 2,77 1,80 1,84 3,85 1,86 1,89 1,93 2,133 4,138 1,140 1,141 1,142 1,143 5,146 1,147 1,149 2,151 3,152 1,154 1,155 1,190 1,199 1,201 1,241 1,257 2,267 
136 1,58 1,62 1,64 1,65 1,72 1,74 3,75 1,76 2,80 1,85 1,86 2,94 4,139 1,141 2,145 2,146 1,147 1,154 1,155 1,198 3,337 3,366 
137 1,26 1,32 1,36 
138 1,8 1,28 1,30 1,35 1,57 1,72 1,74 2,75 1,78 1,79 2,80 3,86 1,89 3,92 1,133 4,135 1,140 1,141 2,143 1,146 1,147 2,151 4,152 2,155 1,190 1,204 1,267 
139 1,3 1,4 2,72 3,75 1,76 2,80 1,85 1,86 2,92 1,94 4,136 2,145 2,146 1,147 2,149 2,155 1,187 1,198 1,229 1,361 
140 1,21 1,54 1,59 1,75 1,88 1,135 1,138 8,141 7,142 1,147 1,151 2,152 1,155 1,241 1,366 1,379 
141 1,2 1,21 1,28 1,54 1,59 1,74 1,75 1,84 1,88 1,104 1,105 1,106 1,135 1,136 1,138 8,140 10,142 1,143 2,145 1,146 1,147 1,150 1,151 2,152 1,154 1,155 2,241 1,257 1,258 1,361 1,366 1,373 1,379 
142 4,1 1,8 3,21 2,27 2,28 1,35 1,42 1,43 1,54 1,58 7,59 2,60 5,72 3,73 1,75 2,83 5,84 7,85 4,86 1,87 3,88 2,89 1,104 1,127 1,132 2,133 1,134 1,135 7,140 10,141 2,146 3,147 1,152 2,155 1,156 2,198 8,199 7,200 7,201 5,202 2,204 1,205 2,206 3,229 37,241 1,242 1,257 1,258 1,259 1,262 1,265 1,268 1,278 1,282 2,285 1,289 1,293 1,318 1,337 1,350 1,351 1,365 1,366 1,368 20,373 1,375 1,379 
143 1,25 2,28 2,30 1,31 1,57 1,59 2,72 1,73 1,74 2,75 1,77 2,86 1,87 1,96 1,135 2,138 1,141 1,145 1,146 1,150 1,152 1,153 2,155 1,199 1,200 1,201 1,203 1,204 1,240 1,373 
144 1,79 1,203 
145 1,74 2,75 1,86 1,92 2,136 2,139 2,141 1,143 2,146 1,147 1,149 1,150 1,154 1,155 1,373 
146 1,3 1,4 1,8 1,22 1,30 1,36 1,41 1,42 1,57 1,59 1,60 1,68 1,72 2,74 7,75 1,76 4,77 1,78 3,80 1,82 1,83 3,84 4,85 1,86 2,89 3,92 3,93 1,94 1,99 1,100 1,101 1,119 3,133 5,135 2,136 1,138 2,139 1,141 2,142 1,143 2,145 1,147 3,149 1,150 1,152 1,154 2,155 2,199 2,200 2,201 2,204 1,206 1,229 2,231 1,232 1,234 2,243 2,267 1,278 1,319 1,350 1,351 1,361 3,369 1,372 1,373 1,374 1,375 1,378 
147 1,27 1,67 2,75 1,78 1,80 2,84 1,85 2,86 1,87 1,119 1,133 1,135 1,136 1,138 1,139 1,140 1,141 3,142 1,145 1,146 1,149 1,151 1,152 3,155 1,190 1,198 1,199 2,200 2,201 3,202 1,203 2,204 2,206 1,368 
148 1,11 1,86 
149 3,75 2,80 1,85 3,92 1,133 1,135 2,139 1,145 3,146 1,147 1,151 1,199 1,205 1,259 1,264 1,350 1,351 
150 1,68 1,141 1,143 1,145 1,146 1,155 1,231 1,239 1,244 1,373 
151 1,80 1,86 2,135 2,138 1,140 1,141 1,147 1,149 2,152 
152 1,57 1,74 2,75 1,78 2,86 3,135 4,138 2,140 2,141 1,142 1,143 1,146 1,147 2,151 1,155 
153 1,72 1,75 1,143 
154 1,74 2,85 1,89 1,135 1,136 1,141 1,145 1,146 1,199 1,200 1,201 1,204 1,241 1,257 1,373 
155 1,1 1,28 1,54 1,60 1,67 1,68 2,72 4,75 3,86 1,87 1,89 1,135 1,136 2,138 2,139 1,140 1,141 2,142 2,143 1,145 2,146 3,147 1,150 1,152 1,187 5,199 5,200 5,201 3,202 1,203 3,204 1,206 1,241 2,267 1,373 
156 1,142 1,241 
157 1,292 1,293 1,294 
158 1,159 1,160 1,323 1,327 1,333 1,348 
159 1,158 1,160 1,323 1,327 1,333 1,348 
160 1,158 1,159 1,323 1,327 1,333 1,348 
161 1,112 1,113 1,118 1,119 1,121 1,124 3,129 
162 1,21 1,163 1,352 
163 1,1 1,4 1,21 1,46 1,162 1,164 1,276 1,279 2,283 1,289 1,322 1,340 3,341 1,352 3,356 1,357 
164 1,163 1,276 1,279 1,289 
165 1,166 1,320 1,321 1,336 
166 1,165 1,320 1,321 1,336 
167 1,28 1,30 1,32 
168 
169 1,170 1,287 1,288 
170 1,169 1,287 1,288 
171 1,10 1,11 1,20 1,289 
172 1,25 3,231 3,234 1,237 1,241 
173 1,231 1,234 
174 1,231 1,241 1,243 
175 1,231 1,232 1,234 
176 1,21 2,231 1,234 1,236 1,239 
177 1,8 1,105 1,107 1,112 1,113 1,124 2,129 1,289 
178 1,8 1,22 1,134 
179 1,36 1,41 1,42 
180 1,65 1,120 1,127 1,128 1,315 
181 1,23 1,29 1,46 1,182 1,183 1,184 1,185 
182 1,23 1,29 1,46 1,181 1,183 1,184 1,185 
183 1,23 1,29 1,46 1,181 1,182 1,184 1,185 
184 1,23 1,29 1,46 1,181 1,182 1,183 1,185 
185 1,23 1,29 1,46 1,181 1,182 1,183 1,184 
186 1,199 1,200 1,201 1,202 
187 1,72 1,139 1,155 
188 1,112 1,126 1,129 1,189 
189 1,112 1,126 1,129 1,188 
190 3,1 1,4 1,21 1,26 1,27 2,28 1,58 1,116 1,133 1,135 1,138 1,147 2,191 4,192 3,193 1,194 3,196 1,197 1,206 1,210 3,229 7,230 1,241 1,243 1,253 1,254 2,318 1,356 1,358 1,359 3,365 3,368 2,369 3,372 1,373 2,374 1,375 3,377 1,378 
191 25,1 7,2 5,3 14,4 3,5 1,21 1,23 1,25 2,26 2,28 3,32 1,41 1,53 1,58 1,63 3,64 1,75 1,84 2,87 1,116 2,190 1,192 5,193 3,195 20,196 10,197 1,206 2,210 6,211 14,229 1,230 1,257 1,264 2,267 1,269 3,283 1,292 1,295 1,297 1,300 1,304 1,309 1,338 2,340 8,341 1,348 9,350 10,351 1,352 2,361 1,362 2,366 6,377 
192 1,27 2,28 1,32 1,38 1,46 1,75 4,190 1,191 2,193 3,230 1,372 2,377 
193 1,1 1,8 1,27 2,58 1,63 1,75 1,133 3,190 5,191 2,192 4,230 1,253 1,254 1,371 1,372 12,377 
194 1,190 1,196 1,197 1,229 
195 1,87 3,191 4,196 3,197 4,211 1,341 
196 21,1 1,4 2,32 1,60 1,63 1,87 1,116 3,190 20,191 1,194 4,195 17,197 2,210 8,211 2,212 12,229 1,257 1,264 1,335 2,341 2,348 12,350 14,351 1,352 1,361 
197 11,1 1,4 1,190 10,191 1,194 3,195 17,196 4,211 2,212 7,229 1,335 1,341 1,348 6,350 7,351 
198 1,1 7,8 2,9 9,21 15,22 16,23 1,25 5,26 1,28 1,32 1,35 1,41 11,54 2,55 1,59 1,60 1,61 7,71 2,72 1,73 1,80 3,85 2,87 1,88 2,89 4,104 2,105 1,106 1,107 1,108 1,112 2,116 1,129 2,132 31,133 6,134 1,136 1,139 2,142 1,147 1,202 1,203 33,241 2,257 1,258 1,259 5,268 4,270 4,271 5,282 8,289 1,290 1,291 2,306 2,307 2,308 2,309 1,320 2,335 5,336 1,337 1,348 2,350 3,351 10,366 
199 2,1 1,4 1,8 2,21 1,59 2,60 1,72 1,73 1,75 3,84 2,85 4,86 1,87 2,88 1,89 1,135 8,142 1,143 2,146 1,147 1,149 1,154 5,155 1,186 61,200 62,201 30,202 9,203 19,204 3,205 5,206 11,241 3,242 2,257 1,259 1,263 1,265 3,267 1,285 1,288 1,289 1,309 1,370 8,373 1,374 
200 1,1 2,4 1,8 1,21 1,39 1,59 2,60 1,68 1,75 1,78 2,84 2,85 4,86 1,87 2,88 1,134 7,142 1,143 2,146 2,147 1,154 5,155 1,186 61,199 63,201 30,202 10,203 21,204 1,205 7,206 13,241 3,242 2,257 1,263 1,265 2,267 1,271 1,285 1,288 1,289 1,370 1,371 9,373 1,374 
201 2,1 2,4 1,8 3,21 1,28 1,33 1,35 1,36 1,39 1,41 1,42 1,54 1,59 2,60 1,72 1,75 1,77 2,84 2,85 4,86 1,87 2,88 1,89 2,133 1,135 7,142 1,143 2,146 2,147 1,154 5,155 1,186 62,199 63,200 33,202 8,203 21,204 1,205 6,206 12,241 3,242 2,257 1,263 1,265 2,267 1,283 1,285 1,288 1,289 1,318 1,319 1,370 8,373 1,374 
202 3,1 1,4 1,8 2,21 1,28 1,32 3,35 3,38 2,39 2,41 1,54 1,58 1,59 1,60 1,67 1,68 1,72 1,73 1,75 2,84 3,86 1,87 1,89 1,109 1,116 1,123 3,133 5,142 3,147 3,155 1,186 1,198 30,199 30,200 33,201 7,203 9,204 6,206 6,241 1,243 1,263 1,265 1,285 2,289 1,318 1,369 1,371 4,373 
203 2,60 1,73 1,79 1,84 2,87 1,89 1,143 1,144 1,147 1,155 1,198 9,199 10,200 8,201 7,202 2,204 2,206 1,241 1,257 
204 1,3 1,4 1,27 2,28 1,32 1,33 2,72 1,75 1,80 1,83 2,85 3,86 1,88 1,99 1,101 1,109 1,138 2,142 1,143 2,146 2,147 1,154 3,155 19,199 21,200 21,201 9,202 2,203 1,229 4,241 1,267 1,274 1,279 1,288 1,370 3,373 
205 2,85 1,89 1,142 1,149 3,199 1,200 1,201 2,206 1,259 2,267 1,329 1,336 1,373 
206 1,1 1,4 1,27 2,28 2,31 1,32 2,34 2,38 3,39 4,41 1,42 2,54 1,58 2,60 1,78 1,80 2,84 3,85 2,87 1,89 1,90 1,133 2,142 1,146 2,147 1,155 1,190 1,191 5,199 7,200 6,201 6,202 2,203 2,205 2,207 1,209 1,210 2,219 1,223 3,241 2,243 1,336 1,371 
207 2,206 8,208 8,209 7,210 2,211 1,212 1,213 1,214 2,216 1,218 17,219 1,242 
208 8,207 2,209 2,210 1,212 1,213 1,215 2,216 1,217 1,218 10,219 1,242 
209 1,206 8,207 2,208 4,210 1,211 1,214 1,215 10,219 
210 1,1 1,116 1,190 2,191 2,196 1,206 7,207 2,208 4,209 1,211 1,217 9,219 1,348 1,351 
211 6,1 2,2 3,3 6,4 1,21 3,26 1,40 2,63 1,87 6,191 4,195 8,196 4,197 2,207 1,209 1,210 2,219 2,229 1,335 2,341 4,350 4,351 
212 2,1 2,196 2,197 1,207 1,208 1,219 1,229 1,350 1,351 
213 1,207 1,208 1,219 
214 1,207 1,209 1,219 
215 1,208 1,209 1,219 
216 2,207 2,208 2,219 
217 1,208 1,210 1,219 
218 1,207 1,208 1,219 
219 2,206 17,207 10,208 10,209 9,210 2,211 1,212 1,213 1,214 1,215 2,216 1,217 1,218 1,242 
220 108,221 108,222 108,223 1,231 1,267 
221 9,8 9,9 1,10 1,12 1,76 1,94 1,95 2,96 1,101 108,220 109,222 120,223 4,226 2,229 1,231 1,240 2,241 3,243 1,248 
222 11,10 11,12 1,21 1,72 1,77 1,80 1,86 1,90 2,96 108,220 109,221 109,223 12,226 1,238 1,335 
223 10,8 9,9 1,21 1,25 7,72 1,74 1,77 1,80 1,84 2,87 1,89 3,90 8,96 1,206 108,220 120,221 109,222 1,225 2,226 2,241 1,244 1,289 1,351 
224 3,1 4,2 2,8 6,21 2,22 5,23 1,24 1,25 2,26 4,28 3,30 1,32 1,33 2,35 2,36 1,38 2,44 3,54 1,55 1,71 1,72 11,73 1,76 1,80 1,87 1,94 1,96 1,104 3,132 2,133 1,134 1,229 1,231 1,268 1,269 1,278 1,281 2,289 2,306 7,307 7,308 7,309 2,313 2,314 2,320 2,335 5,336 2,337 1,344 1,345 2,350 2,351 2,361 1,362 1,365 4,366 1,368 1,369 1,377 
225 1,26 2,72 1,75 1,76 1,90 3,96 1,133 1,223 109,226 7,227 4,228 73,232 8,236 1,237 10,238 34,239 4,240 31,241 10,243 6,244 2,245 1,246 1,247 7,248 3,249 1,250 9,251 8,252 1,253 1,254 1,289 1,320 
226 11,10 11,12 1,26 1,72 1,80 1,133 4,221 12,222 2,223 109,225 7,227 4,228 1,231 74,232 1,234 8,236 1,237 9,238 34,239 4,240 33,241 11,243 6,244 2,245 1,246 1,247 8,248 3,249 1,250 9,251 8,252 1,253 1,254 1,289 1,320 1,335 
227 7,225 7,226 5,232 1,236 1,243 
228 4,225 4,226 2,232 1,241 1,243 
229 35,1 10,2 90,3 96,4 9,5 3,21 1,25 1,26 24,28 37,30 27,31 8,32 2,34 2,35 28,36 3,37 6,38 2,39 19,40 4,41 3,42 23,44 3,55 1,58 6,59 1,60 1,63 1,119 1,132 1,139 3,142 1,146 3,190 14,191 1,194 12,196 7,197 1,204 2,211 1,212 2,221 1,224 2,243 1,262 2,267 1,268 6,269 2,272 1,278 1,279 1,282 1,283 1,288 17,289 1,293 4,320 1,322 12,323 1,335 1,336 2,338 12,340 8,341 3,348 5,350 5,351 3,352 1,354 1,355 5,356 6,357 1,358 19,361 8,362 3,373 
230 2,1 1,27 2,28 2,30 1,31 1,32 2,58 1,133 7,190 1,191 3,192 4,193 1,318 2,372 1,374 4,377 
231 7,1 5,21 2,25 1,58 1,75 1,86 1,89 1,94 1,95 1,96 1,101 2,146 1,150 3,172 1,173 1,174 1,175 2,176 1,220 1,221 1,224 1,226 42,232 5,233 40,234 6,235 18,236 17,237 12,238 17,239 2,240 16,241 6,242 24,243 5,244 4,246 4,248 6,249 8,250 3,251 4,252 16,253 11,254 5,255 1,257 5,267 1,278 1,281 2,289 1,335 
232 3,1 1,26 1,146 1,175 73,225 74,226 5,227 2,228 42,231 1,233 16,234 4,235 6,236 6,237 9,238 28,239 4,240 19,241 1,242 15,243 4,244 1,245 2,246 4,248 3,249 4,250 6,251 6,252 6,253 6,254 1,267 1,289 1,320 
233 2,1 5,231 1,232 1,234 1,236 1,238 1,239 1,243 1,251 1,252 1,253 1,254 
234 2,1 2,21 2,25 1,146 3,172 1,173 1,175 1,176 1,226 40,231 16,232 1,233 1,235 6,236 9,237 3,238 4,239 1,240 4,241 1,242 6,243 2,248 1,249 4,250 1,253 1,254 1,257 1,335 
235 6,231 4,232 1,234 1,237 1,242 1,243 1,244 3,253 3,254 
236 3,1 1,21 1,25 1,176 8,225 8,226 1,227 18,231 6,232 1,233 6,234 2,237 3,238 3,239 3,241 1,242 4,243 2,246 1,248 1,251 1,252 2,253 2,255 1,267 
237 1,86 1,172 1,225 1,226 17,231 6,232 9,234 1,235 2,236 2,239 3,241 5,243 1,250 1,251 1,252 5,253 2,254 3,255 
238 1,1 1,72 1,75 1,77 1,86 2,96 1,222 10,225 9,226 12,231 9,232 1,233 3,234 3,236 2,239 3,241 2,242 2,243 2,249 4,253 4,254 
239 1,1 2,21 1,86 1,150 1,176 34,225 34,226 17,231 28,232 1,233 4,234 3,236 2,237 2,238 7,241 2,242 2,243 5,244 1,248 2,253 2,254 2,267 1,311 1,313 1,319 
240 1,86 1,94 1,95 2,96 1,101 1,143 1,221 4,225 4,226 2,231 4,232 1,234 1,244 1,282 1,296 1,298 1,304 
241 4,1 1,2 3,8 6,21 9,22 16,23 1,24 3,25 3,26 4,28 1,31 1,35 2,36 1,38 1,39 1,41 1,44 6,54 1,55 1,58 6,59 1,60 1,71 2,72 3,73 1,84 2,85 2,86 1,88 1,89 1,96 1,104 1,127 20,133 3,134 1,135 1,140 2,141 37,142 1,154 1,155 1,156 1,172 1,174 1,190 33,198 11,199 13,200 12,201 6,202 1,203 4,204 3,206 2,221 2,223 31,225 33,226 1,228 16,231 19,232 4,234 3,236 3,237 3,238 7,239 1,242 6,243 1,246 3,248 2,249 5,251 5,252 1,253 1,254 1,257 1,259 1,261 1,263 1,265 1,267 2,268 1,271 3,282 1,285 1,288 5,289 1,306 1,318 1,320 7,335 3,336 1,361 6,366 15,373 1,374 
242 1,83 1,86 1,88 1,142 3,199 3,200 3,201 1,207 1,208 1,219 6,231 1,232 1,234 1,235 1,236 2,238 2,239 1,241 1,243 2,249 1,253 1,254 1,267 1,278 
243 2,146 1,174 1,190 1,202 2,206 3,221 10,225 11,226 1,227 1,228 2,229 24,231 15,232 1,233 6,234 1,235 4,236 5,237 2,238 2,239 6,241 1,242 1,248 2,249 1,250 6,253 1,254 5,255 1,261 2,267 1,268 1,289 
244 1,21 1,32 1,76 2,87 1,90 1,96 1,108 1,109 1,112 2,133 1,150 1,223 6,225 6,226 5,231 4,232 1,235 5,239 1,240 1,248 1,249 1,250 1,289 2,313 2,314 2,369 2,374 2,375 
245 2,225 2,226 1,232 1,247 
246 1,58 1,89 1,225 1,226 4,231 2,232 2,236 1,241 1,267 
247 1,225 1,226 1,245 
248 1,1 1,21 1,221 7,225 8,226 4,231 4,232 2,234 1,236 1,239 3,241 1,243 1,244 1,249 
249 1,75 3,225 3,226 6,231 3,232 1,234 2,238 2,241 2,242 2,243 1,244 1,248 1,278 1,289 
250 1,1 1,225 1,226 8,231 4,232 4,234 1,237 1,243 1,244 1,251 1,252 1,257 
251 9,225 9,226 3,231 6,232 1,233 1,236 1,237 5,241 1,250 13,252 1,253 1,254 1,289 
252 8,225 8,226 4,231 6,232 1,233 1,236 1,237 5,241 1,250 13,251 1,253 1,254 1,289 
253 1,190 1,193 1,225 1,226 16,231 6,232 1,233 1,234 3,235 2,236 5,237 4,238 2,239 1,241 1,242 6,243 1,251 1,252 13,254 5,255 
254 1,190 1,193 1,225 1,226 11,231 6,232 1,233 1,234 3,235 2,237 4,238 2,239 1,241 1,242 1,243 1,251 1,252 13,253 
255 5,231 2,236 3,237 5,243 5,253 
256 
257 2,1 1,8 1,9 2,21 1,22 6,23 1,25 6,26 1,28 1,31 2,32 1,36 1,39 1,40 1,55 2,71 1,72 1,73 1,85 1,88 1,117 1,123 2,132 1,135 1,141 1,142 1,154 1,191 1,196 2,198 2,199 2,200 2,201 1,203 1,231 1,234 1,241 1,250 1,258 1,289 1,290 1,291 1,320 5,335 2,336 1,337 1,350 1,351 1,352 1,358 1,366 1,369 1,372 
258 1,2 1,21 1,23 2,25 2,28 1,30 1,59 1,71 1,73 1,116 1,128 1,133 1,134 1,141 1,142 1,198 1,257 1,289 2,335 1,361 
259 1,21 1,23 1,25 1,54 1,58 1,59 1,142 1,149 1,198 1,199 1,205 1,241 1,261 1,335 
260 1,2 1,4 2,23 1,25 1,26 1,28 1,268 1,271 1,278 1,279 1,325 1,335 1,336 1,338 1,356 1,361 
261 1,58 1,59 1,241 1,243 1,259 1,267 1,268 
262 1,3 1,4 1,60 1,61 1,66 1,68 1,74 1,77 1,83 1,85 1,89 1,99 1,142 1,229 
263 1,199 1,200 1,201 1,202 1,241 
264 1,1 1,85 1,149 1,191 1,196 1,350 1,351 
265 1,142 1,199 1,200 1,201 1,202 1,241 
266 1,9 1,10 1,11 2,13 2,14 1,19 1,20 1,28 1,30 1,32 1,57 1,58 1,61 
267 1,1 1,3 1,4 9,8 6,9 1,27 2,28 2,30 2,32 1,36 1,42 1,44 1,54 2,59 1,60 1,72 1,73 1,75 2,76 5,77 1,78 5,80 1,83 1,84 1,85 2,86 5,89 2,92 1,94 1,98 2,100 3,102 1,106 1,107 1,109 1,115 2,116 1,117 1,119 1,126 1,127 2,135 1,138 2,146 2,155 2,191 3,199 2,200 2,201 1,204 2,205 1,220 2,229 5,231 1,232 1,236 2,239 1,241 1,242 2,243 1,246 1,261 1,268 1,270 1,271 1,275 3,292 3,293 4,294 1,296 1,297 1,298 2,302 1,303 1,306 1,307 1,308 2,309 1,310 1,311 1,319 1,329 1,336 1,341 1,344 1,345 1,346 1,350 1,351 1,353 1,358 3,365 3,368 2,369 1,372 1,374 1,378 
268 1,1 8,2 1,3 1,4 2,8 1,21 15,23 2,25 7,26 24,28 1,29 18,30 4,31 10,32 1,33 1,34 8,36 2,37 2,38 1,39 1,40 3,41 2,42 2,44 1,46 1,57 2,59 1,72 2,73 1,84 1,90 1,99 2,133 1,142 5,198 1,224 1,229 2,241 1,243 1,260 1,261 1,267 19,270 18,271 5,273 1,274 4,276 7,278 4,279 2,281 6,289 2,292 2,293 1,294 1,296 1,297 1,298 1,299 1,307 1,308 1,309 2,320 3,335 4,336 1,339 1,341 1,348 1,350 2,351 1,355 2,356 1,357 1,359 8,361 1,366 1,373 
269 3,1 5,2 1,3 8,4 1,8 1,21 10,28 2,29 3,30 1,31 3,32 3,33 1,36 1,37 1,44 1,46 2,47 4,49 1,191 1,224 6,229 1,270 2,282 1,283 1,286 7,289 2,320 1,322 7,323 1,325 1,332 3,336 3,339 2,340 10,341 1,342 1,343 10,344 10,345 5,346 3,350 3,351 1,354 5,356 3,357 6,361 3,362 
270 1,1 4,8 3,21 13,23 6,24 3,25 7,26 1,28 1,30 1,31 1,54 3,71 1,73 1,116 1,118 2,134 4,198 1,267 19,268 1,269 12,271 4,289 1,293 1,302 1,304 6,320 1,335 11,336 2,337 1,350 1,351 2,366 1,369 1,375 
271 6,8 3,9 2,21 1,22 2,23 2,28 2,30 1,36 1,42 2,43 2,54 1,59 1,67 7,71 2,73 2,76 1,80 1,85 2,87 1,100 3,132 3,133 3,134 4,198 1,200 1,241 1,260 1,267 18,268 12,270 5,273 4,274 3,276 5,278 4,279 2,281 1,286 10,289 2,290 2,291 2,293 1,295 1,323 1,337 1,339 1,342 1,343 2,350 1,351 2,366 1,367 
272 2,3 2,4 1,43 2,229 1,273 1,274 1,276 1,279 1,281 1,289 1,361 
273 1,9 3,28 2,30 1,31 3,43 1,133 5,268 5,271 1,272 3,274 5,276 9,278 1,279 1,280 3,281 2,289 
274 1,30 1,31 1,42 1,76 1,87 1,88 1,204 1,268 4,271 1,272 3,273 3,276 2,278 4,279 1,280 1,281 3,289 
275 1,76 1,89 1,94 1,98 1,267 
276 1,9 1,163 1,164 4,268 3,271 1,272 5,273 3,274 1,277 7,278 5,279 1,280 4,289 1,293 
277 1,276 1,279 1,280 
278 1,9 3,28 3,30 4,31 1,41 1,42 1,43 1,58 1,64 1,65 1,142 1,146 1,224 1,229 1,231 1,242 1,249 1,260 7,268 5,271 9,273 2,274 7,276 4,279 4,281 3,289 1,293 
279 1,88 1,163 1,164 1,204 1,229 1,260 4,268 4,271 1,272 1,273 4,274 5,276 1,277 4,278 1,280 4,289 
280 1,273 1,274 1,276 1,277 1,279 1,289 
281 1,3 1,4 1,23 2,28 6,30 4,31 1,33 4,36 2,37 3,38 1,41 3,42 3,43 1,224 1,231 2,268 2,271 1,272 3,273 1,274 4,278 
282 1,1 1,2 1,4 2,8 2,9 1,22 3,23 1,25 1,26 3,28 4,30 1,31 4,36 3,41 2,42 2,44 2,54 1,55 2,59 1,60 25,104 24,105 25,106 3,109 1,114 4,116 7,118 1,123 2,124 2,125 2,126 2,127 1,129 2,133 1,142 5,198 1,229 1,240 3,241 2,269 1,284 1,289 1,290 1,291 1,296 1,298 1,304 1,307 1,308 1,309 1,320 2,335 2,336 1,339 1,341 3,344 3,345 3,346 1,350 1,351 1,353 1,355 1,358 1,360 2,361 1,366 1,373 
283 2,1 1,4 1,8 1,21 1,28 1,30 1,31 2,36 2,41 2,42 1,58 1,105 1,108 1,109 1,115 2,163 3,191 1,201 1,229 1,269 4,284 3,285 1,287 2,288 1,289 2,340 5,341 3,356 1,357 1,362 2,366 
284 1,8 1,21 1,58 1,64 1,108 1,109 2,112 1,118 2,129 1,282 4,283 4,285 2,287 3,288 1,289 1,335 
285 1,8 1,14 1,18 1,19 1,27 1,42 2,58 1,59 1,61 1,64 1,66 1,68 3,105 4,107 3,108 3,109 1,116 2,118 7,119 2,124 1,127 2,142 1,199 1,200 1,201 1,202 1,241 3,283 4,284 2,287 3,288 1,289 1,335 
286 1,269 1,271 2,342 2,343 1,350 
287 2,8 1,58 1,64 1,116 1,127 1,169 1,170 1,283 2,284 2,285 3,288 1,289 1,335 
288 1,3 1,4 1,8 1,13 1,14 1,18 1,19 1,36 1,41 1,42 1,64 1,169 1,170 1,199 1,200 1,201 1,204 1,229 1,241 2,283 3,284 3,285 3,287 1,335 
289 23,1 4,2 1,3 6,4 1,5 18,8 2,9 1,10 1,11 1,20 8,21 3,22 14,23 3,24 4,25 5,26 12,28 7,30 3,31 3,32 4,36 1,39 4,41 1,42 3,44 5,54 3,55 2,58 10,71 3,72 6,73 1,74 1,77 1,79 2,80 1,85 1,86 1,90 1,94 2,96 1,101 2,107 2,112 1,116 3,118 3,119 1,127 2,129 3,132 7,133 3,134 1,142 1,163 1,164 1,171 1,177 8,198 1,199 1,200 1,201 2,202 1,223 2,224 1,225 1,226 17,229 2,231 1,232 5,241 1,243 1,244 1,249 1,251 1,252 1,257 1,258 6,268 7,269 4,270 10,271 1,272 2,273 3,274 4,276 3,278 4,279 1,280 1,282 1,283 1,284 1,285 1,287 22,290 22,291 4,307 4,308 4,309 1,310 1,311 1,312 2,313 2,314 2,318 2,319 4,320 1,321 3,323 7,335 12,336 11,337 2,338 1,339 15,340 8,341 3,344 3,345 2,346 1,348 5,350 6,351 1,352 2,355 2,356 2,357 5,361 11,362 14,366 1,368 4,369 1,373 2,374 1,377 1,378 1,380 
290 11,8 1,22 1,54 1,198 1,257 2,271 1,282 22,289 22,291 6,292 7,293 7,294 2,350 2,351 2,366 
291 10,8 1,54 1,198 1,257 2,271 1,282 22,289 22,290 2,350 2,351 2,366 
292 1,157 1,191 3,267 2,268 6,290 28,293 27,294 1,295 2,296 5,297 1,298 1,299 1,300 1,304 2,318 1,353 1,354 1,366 2,374 1,375 7,379 
293 1,3 1,4 1,22 1,27 2,28 1,30 1,31 2,32 2,36 1,42 1,44 1,58 1,61 1,142 1,157 1,229 3,267 2,268 1,270 2,271 1,276 1,278 7,290 28,292 28,294 1,295 1,296 1,297 2,302 1,304 2,318 1,348 1,353 1,354 1,366 1,369 3,374 1,375 7,379 
294 1,22 1,157 4,267 1,268 7,290 27,292 28,293 1,298 1,302 2,318 1,353 1,354 1,366 2,374 1,375 7,379 
295 1,191 1,271 1,292 1,293 2,296 4,297 1,298 2,299 2,300 1,301 2,302 2,303 1,304 1,305 
296 1,240 1,267 1,268 1,282 2,292 1,293 2,295 10,297 4,298 2,299 1,300 5,301 6,302 4,303 1,304 1,305 1,306 1,374 
297 1,191 1,267 1,268 5,292 1,293 4,295 10,296 4,298 2,299 1,300 6,301 8,302 4,303 1,304 1,306 1,374 
298 1,240 1,267 1,268 1,282 1,292 1,294 1,295 4,296 4,297 1,299 3,301 1,302 1,304 
299 1,268 1,292 2,295 2,296 2,297 1,298 1,302 1,305 
300 1,191 1,292 2,295 1,296 1,297 1,303 1,304 
301 1,133 1,295 5,296 6,297 3,298 4,302 1,341 1,351 
302 1,133 2,267 1,270 2,293 1,294 2,295 6,296 8,297 1,298 1,299 4,301 4,303 2,304 1,306 1,348 1,369 2,374 1,379 
303 1,267 2,295 4,296 4,297 1,300 4,302 1,306 1,374 
304 1,191 1,240 1,270 1,282 1,292 1,293 1,295 1,296 1,297 1,298 1,300 2,302 1,379 
305 1,295 1,296 1,299 
306 1,1 1,21 1,22 1,23 1,54 1,59 1,60 3,71 5,73 1,75 1,83 1,101 1,108 1,110 1,118 1,119 1,132 4,133 2,198 2,224 1,241 1,267 1,296 1,297 1,302 1,303 2,318 1,336 3,337 1,365 4,366 3,369 3,374 3,375 
307 2,73 2,198 7,224 1,267 1,268 1,282 4,289 19,308 19,309 1,366 
308 2,73 2,198 7,224 1,267 1,268 1,282 4,289 19,307 19,309 1,310 1,313 1,318 1,366 
309 1,32 1,72 2,73 1,84 1,191 2,198 1,199 7,224 2,267 1,268 1,282 4,289 19,307 19,308 1,366 
310 1,31 1,54 1,60 1,85 1,267 1,289 1,308 21,311 18,312 3,313 2,314 5,315 3,316 4,317 4,318 5,319 1,337 
311 1,60 1,125 1,239 1,267 1,289 21,310 18,312 2,313 4,315 3,316 4,317 3,318 6,319 1,337 
312 1,60 1,289 18,310 18,311 4,315 2,316 4,317 2,318 3,319 1,337 
313 1,8 1,22 1,76 1,78 1,79 1,87 2,90 1,125 2,224 1,239 2,244 2,289 1,308 3,310 2,311 20,314 3,315 2,317 5,318 4,319 1,335 1,350 1,351 1,352 1,366 
314 1,8 2,224 2,244 2,289 2,310 20,313 3,315 2,317 3,318 3,319 1,350 1,351 1,352 
315 1,27 1,30 1,127 1,128 1,180 5,310 4,311 4,312 3,313 3,314 1,317 
316 3,310 3,311 2,312 
317 4,310 4,311 4,312 2,313 2,314 1,315 1,350 1,351 
318 1,13 1,14 1,59 1,72 1,77 1,89 1,125 1,142 2,190 1,201 1,202 1,230 1,241 2,289 2,292 2,293 2,294 2,306 1,308 4,310 3,311 2,312 5,313 3,314 1,319 1,337 3,365 3,368 5,369 1,372 2,373 4,374 1,375 1,377 
319 1,89 1,146 1,201 1,239 1,267 2,289 5,310 6,311 3,312 4,313 3,314 1,318 1,355 1,356 1,365 1,368 2,369 2,374 
320 34,1 22,2 1,3 1,4 1,8 19,21 64,23 31,24 22,28 9,29 5,30 3,31 2,32 2,34 3,36 1,38 3,41 4,42 1,44 5,46 1,54 1,55 2,73 1,104 1,109 1,124 2,134 1,165 1,166 1,198 2,224 1,225 1,226 4,229 1,232 1,241 1,257 2,268 2,269 6,270 1,282 4,289 21,321 1,326 1,328 1,329 5,335 101,336 2,339 2,340 1,341 51,348 12,349 11,350 50,351 1,355 2,356 1,357 1,359 16,361 9,362 1,366 
321 1,2 8,23 13,24 1,28 1,165 1,166 1,289 21,320 3,323 1,329 1,334 16,336 3,339 3,346 8,348 6,349 2,350 3,351 1,362 
322 1,1 1,3 2,4 1,46 1,163 1,229 1,269 2,341 2,356 2,357 
323 6,1 1,2 8,3 14,4 3,28 14,29 5,30 1,31 1,33 3,34 1,36 1,37 1,41 1,45 11,46 1,47 4,48 4,49 1,50 1,59 1,158 1,159 1,160 12,229 7,269 1,271 3,289 3,321 2,325 1,327 1,328 1,331 1,332 1,333 1,334 1,336 1,338 24,339 3,340 1,341 11,346 7,348 6,351 2,352 1,354 1,355 2,356 2,357 1,361 5,362 
324 1,1 1,4 1,7 1,38 1,41 1,133 
325 1,4 1,260 1,269 2,323 1,328 1,331 1,332 1,334 1,336 2,338 1,339 1,354 2,356 
326 1,1 1,28 2,29 2,34 1,320 3,328 3,329 2,330 2,332 2,348 1,349 1,351 2,362 
327 1,29 1,158 1,159 1,160 1,323 1,328 1,332 1,333 1,334 1,348 1,362 
328 1,1 1,24 1,28 5,29 1,32 1,33 2,34 1,320 1,323 1,325 3,326 1,327 7,329 4,330 1,331 5,332 2,334 1,338 1,339 2,348 1,349 1,351 3,362 
329 1,1 1,24 1,28 4,29 1,32 1,33 2,34 1,205 1,267 1,320 1,321 3,326 7,328 4,330 4,332 1,334 1,336 3,348 1,349 1,351 2,362 
330 1,24 7,29 1,32 1,33 4,34 1,37 1,46 1,47 2,326 4,328 4,329 7,332 1,333 
331 1,323 1,325 1,328 1,334 1,338 1,339 
332 1,24 8,29 1,32 1,33 4,34 1,37 1,46 1,47 1,269 1,323 1,325 2,326 1,327 5,328 4,329 7,330 1,333 1,334 1,336 1,354 1,356 1,362 
333 1,29 1,37 1,46 1,47 1,158 1,159 1,160 1,323 1,327 1,330 1,332 1,348 
334 1,29 1,321 1,323 1,325 1,327 2,328 1,329 1,331 1,332 1,338 1,339 1,348 1,362 
335 58,1 4,2 5,4 1,5 31,21 71,23 53,25 35,26 19,28 7,30 4,31 2,32 1,34 1,36 1,39 2,40 1,41 1,42 1,44 10,54 2,55 3,59 1,64 1,70 2,71 1,72 1,73 1,78 1,80 2,132 5,133 1,134 1,196 1,197 2,198 1,211 1,222 2,224 1,226 1,229 1,231 1,234 7,241 5,257 2,258 1,259 1,260 3,268 1,270 2,282 1,284 1,285 1,287 1,288 7,289 1,313 5,320 1,347 5,348 1,349 17,350 22,351 1,353 1,359 2,361 1,362 4,366 1,369 1,377 
336 99,1 1,2 1,4 3,8 37,21 164,23 33,24 2,25 92,26 9,28 1,29 1,30 1,31 2,32 2,33 1,34 1,38 1,39 1,42 16,54 3,55 1,59 2,71 5,73 1,104 7,133 3,134 1,165 1,166 5,198 1,205 1,206 5,224 1,229 3,241 2,257 1,260 1,267 4,268 3,269 11,270 2,282 12,289 1,306 101,320 16,321 1,323 1,325 1,329 1,332 1,340 45,348 3,349 45,350 88,351 2,353 3,354 2,356 1,358 3,359 3,362 3,366 
337 1,1 6,8 1,9 3,21 2,22 1,25 2,54 1,55 3,71 2,73 1,104 1,134 3,136 1,142 1,198 2,224 1,257 2,270 1,271 11,289 3,306 1,310 1,311 1,312 1,318 1,350 1,351 2,365 33,366 4,368 1,373 2,375 1,378 2,379 3,380 
338 2,1 1,4 1,191 2,229 1,260 2,289 1,323 2,325 1,328 1,331 1,334 1,339 3,340 2,341 1,356 1,362 
339 4,1 1,4 14,29 1,30 1,33 1,37 17,46 1,47 2,48 3,49 1,268 3,269 1,271 1,282 1,289 2,320 3,321 24,323 1,325 1,328 1,331 1,334 1,338 3,344 3,345 15,346 6,348 1,350 8,351 1,354 1,361 1,362 
340 32,1 1,4 7,28 1,41 1,163 2,191 12,229 2,269 2,283 15,289 2,320 3,323 1,336 3,338 5,341 2,352 2,356 1,357 26,362 1,366 
341 6,1 1,2 2,3 9,4 5,28 1,30 1,32 2,36 1,39 2,41 2,44 1,46 3,163 8,191 1,195 2,196 1,197 2,211 8,229 1,267 1,268 10,269 1,282 5,283 8,289 1,301 1,320 2,322 1,323 2,338 5,340 2,350 3,351 8,356 5,357 1,359 2,361 2,362 2,366 
342 1,30 1,46 1,269 1,271 2,286 4,343 2,350 1,351 1,362 
343 1,30 1,46 1,269 1,271 2,286 4,342 2,350 1,351 1,362 
344 1,4 1,46 1,224 1,267 10,269 3,282 3,289 3,339 17,345 8,346 9,350 9,351 3,362 
345 1,4 1,46 1,224 1,267 10,269 3,282 3,289 3,339 17,344 8,346 9,350 9,351 3,362 
346 1,1 1,46 1,267 5,269 3,282 2,289 3,321 11,323 15,339 8,344 8,345 6,348 4,350 11,351 
347 1,28 1,30 1,36 1,40 1,44 1,335 
348 9,1 4,2 3,3 2,4 1,8 11,21 32,23 14,24 6,26 7,28 1,29 2,30 3,31 1,33 1,36 1,37 1,38 1,41 1,46 1,47 1,49 1,109 1,124 1,158 1,159 1,160 1,191 2,196 1,197 1,198 1,210 3,229 1,268 1,289 1,293 1,302 51,320 8,321 7,323 2,326 1,327 2,328 3,329 1,333 1,334 5,335 45,336 6,339 6,346 14,349 7,350 76,351 3,352 3,354 2,356 1,361 3,362 3,363 2,364 1,369 1,374 
349 3,1 1,2 1,3 1,4 1,21 4,23 5,24 2,26 1,28 1,30 12,320 6,321 1,326 1,328 1,329 1,335 3,336 14,348 5,350 6,351 1,352 2,353 2,354 1,356 2,359 1,362 1,363 
350 54,1 12,2 1,3 6,4 1,5 18,21 46,23 2,24 4,25 17,26 33,28 22,30 10,31 8,32 3,36 3,44 1,46 1,53 1,54 7,59 3,60 1,61 2,63 1,72 1,73 1,75 1,84 1,92 1,104 1,105 1,106 1,133 1,142 1,146 1,149 9,191 12,196 6,197 2,198 4,211 1,212 2,224 5,229 1,257 1,264 1,267 1,268 3,269 1,270 2,271 1,282 1,286 5,289 2,290 2,291 1,313 1,314 1,317 11,320 2,321 17,335 45,336 1,337 1,339 2,341 2,342 2,343 9,344 9,345 4,346 7,348 5,349 144,351 4,352 1,354 11,361 2,362 2,363 1,364 1,366 1,379 
351 67,1 15,2 2,3 7,4 1,5 1,8 28,21 74,23 11,24 4,25 23,26 38,28 1,29 24,30 12,31 8,32 1,33 4,36 1,37 1,38 1,41 3,44 3,46 2,47 1,49 1,53 1,54 7,59 3,60 1,61 2,63 2,72 1,73 1,75 2,84 1,92 1,96 1,104 1,105 1,106 1,109 1,124 1,133 1,142 1,146 1,149 10,191 14,196 7,197 3,198 1,210 4,211 1,212 1,223 2,224 5,229 1,257 1,264 1,267 2,268 3,269 1,270 1,271 1,282 6,289 2,290 2,291 1,301 1,313 1,314 1,317 50,320 3,321 6,323 1,326 1,328 1,329 22,335 88,336 1,337 8,339 3,341 1,342 1,343 9,344 9,345 11,346 76,348 6,349 144,350 5,352 3,354 1,356 1,359 12,361 5,362 3,363 2,364 1,366 1,379 
352 7,1 1,3 3,4 1,21 2,28 1,31 1,46 1,162 1,163 1,191 1,196 3,229 1,257 1,289 1,313 1,314 2,323 2,340 3,348 1,349 4,350 5,351 2,353 4,354 3,355 2,356 1,357 2,358 3,359 2,360 1,361 3,362 7,363 4,364 
353 3,1 3,28 1,30 1,32 1,267 1,282 1,292 1,293 1,294 1,335 2,336 2,349 2,352 3,354 2,355 2,356 5,358 3,359 3,360 1,363 
354 3,1 1,3 1,4 1,28 1,30 1,46 1,47 1,229 1,269 1,292 1,293 1,294 1,323 1,325 1,332 3,336 1,339 3,348 2,349 1,350 3,351 4,352 3,353 4,356 4,359 1,362 4,363 1,364 
355 2,1 1,26 1,28 1,41 1,42 1,229 1,268 1,282 2,289 1,319 1,320 1,323 3,352 2,353 4,356 1,357 2,358 3,360 1,362 
356 5,1 2,3 4,4 2,26 1,31 1,41 1,42 1,46 3,163 1,190 5,229 1,260 2,268 5,269 3,283 2,289 1,319 2,320 2,322 2,323 2,325 1,332 2,336 1,338 2,340 8,341 2,348 1,349 1,351 2,352 2,353 4,354 4,355 6,357 2,358 4,359 1,360 1,362 2,363 
357 1,3 1,4 1,30 1,32 1,36 1,44 1,46 1,163 6,229 1,268 3,269 1,283 2,289 1,320 2,322 2,323 1,340 5,341 1,352 1,355 6,356 1,358 1,359 1,361 1,362 
358 3,1 1,26 1,28 2,30 1,31 2,32 1,36 1,44 1,190 1,229 1,257 1,267 1,282 1,336 2,352 5,353 2,355 2,356 1,357 2,359 3,360 1,361 
359 4,1 1,26 4,28 1,30 1,190 1,268 1,320 1,335 3,336 1,341 2,349 1,351 3,352 3,353 4,354 4,356 1,357 2,358 1,362 2,363 1,364 
360 2,1 1,28 1,282 2,352 3,353 3,355 1,356 3,358 
361 6,1 70,2 12,3 15,4 1,21 3,25 8,26 73,28 1,29 10,30 7,31 3,32 1,33 4,34 19,36 2,39 3,40 5,41 3,42 12,44 2,46 2,49 1,57 1,59 1,119 1,139 1,141 1,146 2,191 1,196 2,224 19,229 1,241 1,258 1,260 8,268 6,269 1,272 2,282 5,289 16,320 1,323 2,335 1,339 2,341 1,348 11,350 12,351 1,352 1,357 1,358 1,366 
362 29,1 17,2 1,4 1,21 1,26 22,28 2,29 1,30 1,32 1,41 1,46 1,48 1,49 1,75 1,191 1,224 8,229 3,269 1,283 11,289 9,320 1,321 5,323 2,326 1,327 3,328 2,329 1,332 1,334 1,335 3,336 1,338 1,339 26,340 2,341 1,342 1,343 3,344 3,345 3,348 1,349 2,350 5,351 3,352 1,354 1,355 1,356 1,357 1,359 1,366 
363 3,348 1,349 2,350 3,351 7,352 1,353 4,354 2,356 2,359 4,364 
364 2,348 1,350 2,351 4,352 1,354 1,359 4,363 
365 1,1 4,8 1,21 1,60 1,86 1,142 3,190 1,224 3,267 1,306 3,318 1,319 2,337 24,368 4,369 1,371 2,372 5,373 11,374 5,375 2,378 
366 1,1 2,2 10,8 3,9 6,21 4,22 6,23 1,24 3,25 2,26 3,28 3,30 1,36 1,37 1,38 1,41 2,54 3,55 2,59 8,71 1,72 7,73 1,76 1,78 1,80 1,89 1,104 1,118 1,127 5,132 7,133 2,134 3,136 1,140 1,141 1,142 2,191 10,198 4,224 6,241 1,257 1,268 2,270 2,271 1,282 2,283 14,289 2,290 2,291 1,292 1,293 1,294 4,306 1,307 1,308 1,309 1,313 1,320 4,335 3,336 33,337 1,340 2,341 1,350 1,351 1,361 1,362 2,379 3,380 
367 1,76 2,80 1,85 1,87 1,89 1,90 1,95 1,100 1,271 
368 1,1 3,8 1,21 1,28 1,30 1,33 1,59 1,60 1,86 1,142 1,147 3,190 1,224 3,267 1,289 3,318 1,319 4,337 24,365 3,369 1,370 3,371 2,372 3,373 9,374 4,375 1,377 4,378 1,379 1,380 2,381 
369 1,8 1,10 1,21 1,60 1,72 2,73 1,104 3,146 2,190 1,202 1,224 2,244 1,257 2,267 1,270 4,289 1,293 1,302 3,306 5,318 2,319 1,335 1,348 4,365 3,368 2,370 1,371 3,372 5,373 14,374 7,375 4,377 4,378 2,381 
370 1,104 1,120 1,124 1,127 1,199 1,200 1,201 1,204 1,368 2,369 1,371 1,377 
371 2,8 2,9 1,11 2,59 1,60 1,63 1,68 1,77 1,80 1,193 1,200 1,202 1,206 1,365 3,368 1,369 1,370 2,377 1,380 
372 2,72 1,73 1,77 1,80 1,146 3,190 1,192 1,193 2,230 1,257 1,267 1,318 2,365 2,368 3,369 1,373 1,377 
373 1,1 1,21 1,59 1,73 2,76 1,80 1,84 3,85 2,86 1,132 2,133 1,141 20,142 1,143 1,145 1,146 1,150 1,154 1,155 1,190 8,199 9,200 8,201 4,202 3,204 1,205 3,229 15,241 1,268 1,282 1,289 2,318 1,337 5,365 3,368 5,369 1,372 4,374 
374 4,8 1,14 1,21 2,60 2,118 1,124 1,128 1,146 2,190 1,199 1,200 1,201 1,230 1,241 2,244 1,267 2,289 2,292 3,293 2,294 1,296 1,297 2,302 1,303 3,306 4,318 2,319 1,348 11,365 9,368 14,369 4,373 5,375 2,378 
375 1,86 1,142 1,146 1,190 2,244 1,270 1,292 1,293 1,294 3,306 1,318 2,337 5,365 4,368 7,369 5,374 1,378 
376 1,111 
377 1,1 1,8 1,27 1,28 1,41 2,58 1,63 1,73 1,75 1,133 3,190 6,191 2,192 12,193 1,224 4,230 1,289 1,318 1,335 1,368 4,369 1,370 2,371 1,372 
378 1,14 1,21 1,146 1,190 1,267 1,289 1,337 2,365 4,368 4,369 2,374 1,375 1,379 1,380 
379 1,140 1,141 1,142 7,292 7,293 7,294 1,302 1,304 2,337 1,350 1,351 2,366 1,368 1,378 
380 3,8 1,9 1,10 2,11 1,15 1,54 1,289 3,337 3,366 1,368 1,371 1,378 
381 2,368 2,369 
