1 20,2 20,3 1,11 14,65 
2 20,1 20,3 1,11 14,65 
3 20,1 20,2 1,6 1,11 14,65 1,129 1,154 1,162 1,163 
4 22,5 10,6 26,7 1,40 1,86 2,91 2,147 
5 22,4 8,6 22,7 1,40 1,86 1,91 2,147 
6 1,3 10,4 8,5 10,7 1,13 4,34 4,35 1,95 1,113 1,146 2,161 4,163 1,178 1,180 1,182 
7 26,4 22,5 10,6 1,40 1,86 2,91 2,147 
8 10,10 19,11 4,12 27,13 1,14 11,15 4,16 59,17 1,18 1,19 1,20 2,40 2,45 1,64 165,67 32,100 2,101 3,103 5,104 76,107 2,108 1,109 31,110 29,111 1,113 26,130 2,131 85,132 21,135 89,136 1,139 16,140 1,168 2,178 2,180 
9 3,10 17,11 8,12 28,13 1,14 11,15 2,16 147,66 1,67 2,73 29,100 1,101 1,102 1,103 2,104 2,108 1,109 153,130 4,135 143,136 38,140 
10 10,8 3,9 4,17 3,18 3,19 3,20 3,21 19,45 4,46 4,47 4,48 4,49 4,50 13,66 17,67 8,68 2,86 9,107 4,110 3,111 2,112 2,113 1,120 1,122 1,123 17,130 8,132 8,134 1,135 22,136 8,137 2,139 1,145 1,146 1,148 4,167 2,170 
11 1,1 1,2 1,3 19,8 17,9 1,13 9,17 29,45 1,47 1,48 1,49 1,50 1,65 28,66 38,67 1,68 1,82 1,83 1,84 1,86 15,107 12,110 11,111 1,112 1,113 29,130 11,132 1,134 3,135 36,136 1,137 1,139 1,145 1,146 1,148 1,170 
12 4,8 8,9 4,17 4,18 4,19 4,20 4,21 2,33 8,45 3,46 4,47 4,48 4,49 4,50 2,61 13,66 7,67 3,68 1,77 1,78 1,79 1,80 1,86 2,107 1,110 1,111 4,112 4,113 1,122 1,123 14,130 1,131 5,132 3,134 1,135 16,136 3,137 4,139 1,145 1,146 1,148 4,170 
13 1,6 27,8 28,9 1,11 16,17 4,18 4,19 4,20 4,21 1,34 1,35 44,45 1,46 4,47 4,48 4,49 4,50 1,64 1,65 52,66 43,67 5,68 1,76 1,77 1,78 1,79 1,80 1,86 16,107 9,110 8,111 1,112 1,113 1,115 1,129 60,130 1,131 23,132 5,134 2,135 62,136 5,137 1,139 1,142 1,144 5,145 5,146 5,148 5,151 1,160 1,162 3,167 1,168 1,169 1,170 
14 1,8 1,9 2,18 2,19 2,20 2,21 6,47 7,48 6,49 6,50 1,64 1,66 1,67 2,112 2,113 2,130 1,132 1,136 2,139 1,143 2,170 
15 11,8 11,9 6,17 6,18 6,19 6,20 6,21 1,33 20,45 4,46 4,47 4,48 4,49 4,50 1,61 21,66 22,67 11,68 2,75 1,77 2,86 2,90 2,91 1,92 1,94 2,96 8,107 7,110 7,111 5,112 5,113 2,120 2,121 2,122 2,124 1,129 22,130 7,132 11,134 29,136 11,137 4,139 2,145 2,146 2,148 1,151 1,154 1,162 7,167 2,170 
16 4,8 2,9 3,17 11,45 1,46 1,47 1,48 1,49 1,50 1,60 1,61 1,62 10,66 8,67 1,68 3,77 3,78 3,79 3,80 4,107 10,130 3,132 1,134 14,136 1,137 1,152 1,157 1,162 
17 59,8 4,10 9,11 4,12 16,13 6,15 3,16 7,18 7,19 8,20 2,21 68,45 111,67 1,68 22,100 3,101 1,102 3,103 5,104 3,108 1,109 131,132 1,134 12,135 31,136 1,137 
18 1,8 3,10 4,12 4,13 2,14 6,15 7,17 91,19 89,20 83,21 3,100 3,101 1,103 1,104 2,105 6,108 1,125 1,126 6,132 20,133 
19 1,8 3,10 4,12 4,13 2,14 6,15 7,17 91,18 90,20 83,21 1,23 2,24 1,26 1,28 1,36 1,45 1,67 3,100 3,101 2,103 1,104 2,105 6,108 1,125 1,126 7,132 20,133 
20 1,8 3,10 4,12 4,13 2,14 6,15 8,17 89,18 90,19 81,21 1,67 2,100 2,101 2,103 1,104 2,105 6,108 1,125 1,126 7,132 20,133 
21 3,10 4,12 4,13 2,14 6,15 2,17 83,18 83,19 81,20 2,22 2,23 1,24 2,26 2,28 3,100 2,101 1,103 1,104 2,105 6,108 1,125 1,126 1,132 20,133 
22 2,21 82,23 16,24 57,25 81,26 71,28 7,29 6,65 
23 1,19 2,21 82,22 18,24 57,25 83,26 72,28 7,29 1,31 1,33 6,65 
24 2,19 1,21 16,22 18,23 17,26 15,28 1,31 1,33 1,36 1,45 1,67 
25 57,22 57,23 57,26 55,28 
26 1,19 2,21 81,22 83,23 17,24 57,25 72,28 7,29 6,65 
27 1,37 2,65 1,118 1,147 1,153 1,171 
28 1,19 2,21 71,22 72,23 15,24 55,25 72,26 
29 7,22 7,23 7,26 6,65 
30 13,149 13,172 13,173 13,175 
31 1,23 1,24 30,33 4,36 6,37 5,38 7,39 1,41 1,42 2,43 2,61 1,129 
32 4,33 1,42 1,61 1,129 
33 2,12 1,15 1,23 1,24 30,31 4,32 7,36 4,37 7,38 5,39 3,40 5,42 5,43 1,44 9,61 3,106 1,127 3,129 2,179 
34 4,6 1,13 6,35 3,163 1,165 2,182 
35 4,6 1,13 6,34 4,163 2,165 2,182 
36 1,19 1,24 4,31 7,33 2,37 1,39 1,41 1,45 2,53 2,55 1,56 1,57 1,58 2,59 3,60 1,61 1,62 1,67 1,77 1,82 1,86 1,90 5,93 4,95 1,96 2,97 1,100 3,106 3,120 4,121 3,122 3,123 1,129 2,154 1,157 3,160 1,161 3,162 1,165 1,181 
37 1,27 6,31 4,33 2,36 2,38 4,39 1,41 1,42 1,65 1,118 
38 5,31 7,33 2,37 1,39 3,40 2,42 1,61 
39 7,31 5,33 1,36 4,37 1,38 1,41 
40 1,4 1,5 1,7 2,8 3,33 3,38 6,42 1,132 1,136 1,164 7,178 7,180 
41 1,31 1,36 1,37 1,39 
42 1,31 1,32 5,33 1,37 2,38 6,40 1,43 1,44 1,61 1,132 1,164 5,178 5,180 
43 2,31 5,33 1,42 4,44 1,67 
44 1,33 1,42 4,43 1,67 
45 2,8 19,10 29,11 8,12 44,13 20,15 11,16 68,17 1,19 1,24 1,36 150,66 157,67 1,69 1,70 1,71 1,72 2,73 62,100 2,101 6,102 1,103 10,104 2,105 64,107 5,108 3,109 31,110 31,111 173,130 91,132 29,135 222,136 46,140 
46 4,10 3,12 1,13 4,15 1,16 1,48 1,67 44,68 4,100 2,101 1,102 1,103 4,104 44,134 1,136 44,137 9,183 
47 4,10 1,11 4,12 4,13 6,14 4,15 1,16 94,48 95,49 95,50 1,52 1,53 1,86 1,100 1,104 7,108 3,109 5,125 7,126 2,136 27,143 
48 4,10 1,11 4,12 4,13 7,14 4,15 1,16 1,46 94,47 94,49 94,50 15,64 1,67 2,100 2,104 1,106 10,108 4,109 5,125 7,126 5,136 1,140 42,143 2,183 
49 4,10 1,11 4,12 4,13 6,14 4,15 1,16 95,47 94,48 96,50 1,100 1,104 1,107 7,108 3,109 5,125 7,126 1,128 2,136 27,143 
50 4,10 1,11 4,12 4,13 6,14 4,15 1,16 95,47 94,48 96,49 1,100 1,104 7,108 3,109 5,125 7,126 2,136 27,143 
51 92,52 91,53 91,54 88,55 1,59 1,60 
52 1,47 92,51 92,53 91,54 88,55 1,62 1,86 
53 2,36 1,47 91,51 92,52 91,54 98,55 1,60 1,61 1,86 1,100 1,101 9,106 3,108 1,128 3,143 
54 91,51 91,52 91,53 88,55 1,100 1,128 
55 2,36 88,51 88,52 98,53 88,54 1,60 1,61 1,101 9,106 3,108 3,143 
56 1,36 1,57 24,58 22,59 20,60 37,61 47,62 5,86 2,129 1,156 
57 1,36 1,56 7,59 9,60 11,61 9,62 1,86 
58 1,36 24,56 9,59 9,60 4,61 17,62 
59 2,36 1,51 22,56 7,57 9,58 15,60 23,61 24,62 5,86 1,104 1,120 2,129 1,156 
60 1,16 3,36 1,51 1,53 1,55 20,56 9,57 9,58 15,59 23,61 23,62 2,86 1,129 
61 2,12 1,15 1,16 2,31 1,32 9,33 1,36 1,38 1,42 1,53 1,55 37,56 11,57 4,58 23,59 23,60 47,62 7,86 1,120 1,129 
62 1,16 1,36 1,52 47,56 9,57 17,58 24,59 23,60 47,61 12,86 1,104 1,120 4,129 1,156 
63 1,68 99,74 1,100 1,108 1,137 98,138 96,184 
64 1,8 1,13 1,14 15,48 1,67 4,100 1,106 6,108 1,109 1,126 1,130 24,131 1,132 1,135 3,136 1,140 15,143 1,158 1,159 1,160 1,162 22,168 21,169 9,183 
65 14,1 14,2 14,3 1,11 1,13 6,22 6,23 6,26 2,27 6,29 1,37 35,82 19,83 18,84 13,85 1,100 1,101 1,105 1,108 9,115 4,118 1,125 1,147 9,151 1,153 4,155 7,171 1,174 1,181 
66 147,9 13,10 28,11 13,12 52,13 1,14 21,15 10,16 150,45 1,72 3,73 58,100 2,101 4,102 1,103 6,104 5,108 3,109 300,130 1,135 289,136 74,140 
67 165,8 1,9 17,10 38,11 7,12 43,13 1,14 22,15 8,16 111,17 1,19 1,20 1,24 1,36 1,43 1,44 157,45 1,46 1,48 1,64 68,100 4,101 2,102 5,103 10,104 2,105 121,107 4,108 2,109 56,110 53,111 35,130 2,131 148,132 5,135 165,136 28,140 
68 8,10 1,11 3,12 5,13 11,15 1,16 1,17 44,46 1,63 1,74 7,100 4,101 1,102 4,103 13,104 4,107 2,108 107,134 108,137 1,138 59,167 23,183 
69 1,45 186,70 186,71 186,72 182,73 2,77 1,78 1,79 1,80 1,81 1,131 
70 1,45 186,69 186,71 185,72 183,73 1,81 1,87 1,90 1,91 1,99 1,131 
71 1,45 186,69 186,70 186,72 182,73 1,77 1,81 1,131 
72 1,45 1,66 186,69 185,70 186,71 182,73 1,77 1,81 1,131 
73 2,9 2,45 3,66 182,69 183,70 182,71 182,72 1,77 1,78 1,79 1,80 1,81 3,130 1,131 1,136 
74 99,63 1,68 1,100 1,103 1,108 1,137 100,138 98,184 
75 2,15 1,100 9,112 9,113 1,136 8,139 
76 1,13 1,86 122,131 121,141 122,142 123,144 1,145 1,146 1,148 
77 1,12 1,13 1,15 3,16 1,36 2,69 1,71 1,72 1,73 113,78 113,79 113,80 23,81 3,90 3,91 1,92 1,93 1,94 1,95 2,96 1,97 1,98 
78 1,12 1,13 3,16 1,69 1,73 113,77 113,79 113,80 23,81 1,87 2,91 1,94 1,99 
79 1,12 1,13 3,16 1,69 1,73 113,77 113,78 113,80 23,81 
80 1,12 1,13 3,16 1,69 1,73 113,77 113,78 113,79 22,81 
81 1,69 1,70 1,71 1,72 1,73 23,77 23,78 23,79 22,80 1,90 1,92 1,97 1,98 
82 1,11 1,36 35,65 18,83 18,84 13,85 2,93 2,95 2,97 1,125 1,181 
83 1,11 19,65 18,82 18,84 5,85 1,105 1,125 1,181 
84 1,11 18,65 18,82 18,83 5,85 1,125 1,181 
85 13,65 13,82 5,83 5,84 
86 1,4 1,5 1,7 2,10 1,11 1,12 1,13 2,15 1,36 1,47 1,52 1,53 5,56 1,57 5,59 2,60 7,61 12,62 1,76 2,100 1,102 1,104 1,108 20,114 20,115 20,116 20,117 3,120 1,121 3,122 1,123 2,126 16,129 46,145 47,146 47,148 16,151 13,154 5,158 3,159 1,160 17,162 
87 1,70 1,78 2,88 7,89 17,90 23,91 3,92 1,93 5,94 1,95 14,96 1,97 5,98 3,99 2,180 
88 2,87 1,89 9,90 6,91 12,92 13,93 2,94 9,95 6,96 7,97 6,98 9,99 1,103 1,180 
89 7,87 1,88 9,90 4,91 1,92 3,93 4,94 4,96 1,123 
90 2,15 1,36 1,70 3,77 1,81 17,87 9,88 9,89 37,91 23,92 9,93 11,94 6,95 17,96 10,97 21,98 8,99 1,103 2,108 1,118 3,123 1,162 5,180 
91 2,4 1,5 2,7 2,15 1,70 3,77 2,78 23,87 6,88 4,89 37,90 16,92 8,94 1,95 22,96 3,97 17,98 6,99 1,103 2,123 6,180 
92 1,15 1,77 1,81 3,87 12,88 1,89 23,90 16,91 11,93 6,94 4,95 11,96 10,97 22,98 11,99 1,103 1,108 1,118 1,123 1,180 
93 5,36 1,77 2,82 1,87 13,88 3,89 9,90 11,92 6,94 25,95 4,96 26,97 5,98 3,99 1,123 1,181 
94 1,15 1,77 1,78 5,87 2,88 4,89 11,90 8,91 6,92 6,93 1,95 4,96 7,97 5,98 2,99 1,162 1,180 1,181 
95 1,6 4,36 1,77 2,82 1,87 9,88 6,90 1,91 4,92 25,93 1,94 3,96 17,97 4,98 1,99 2,123 1,181 
96 2,15 1,36 2,77 14,87 6,88 4,89 17,90 22,91 11,92 4,93 4,94 3,95 9,98 3,99 1,108 2,123 2,180 
97 2,36 1,77 1,81 2,82 1,87 7,88 10,90 3,91 10,92 26,93 7,94 17,95 6,98 4,99 1,181 
98 1,77 1,81 5,87 6,88 21,90 17,91 22,92 5,93 5,94 4,95 9,96 6,97 6,99 1,123 
99 1,70 1,78 3,87 9,88 8,90 6,91 11,92 3,93 2,94 1,95 3,96 4,97 6,98 1,180 
100 32,8 29,9 22,17 3,18 3,19 2,20 3,21 1,36 62,45 4,46 1,47 2,48 1,49 1,50 1,53 1,54 1,63 4,64 1,65 58,66 68,67 7,68 1,74 1,75 2,86 24,107 10,110 9,111 4,112 4,113 1,115 1,121 1,122 1,123 1,128 67,130 3,131 31,132 7,134 82,136 7,137 1,138 4,139 1,140 1,143 7,145 7,146 7,148 6,151 3,167 3,168 3,169 3,170 1,171 
101 2,8 1,9 3,17 3,18 3,19 2,20 2,21 2,45 2,46 1,53 1,55 1,65 2,66 4,67 4,68 1,106 1,110 1,111 1,115 2,130 3,132 3,134 2,136 4,137 1,151 2,167 1,171 
102 1,9 1,17 6,45 1,46 4,66 2,67 1,68 1,86 1,107 5,130 1,132 1,134 6,136 1,137 1,145 1,146 1,148 
103 3,8 1,9 3,17 1,18 2,19 2,20 1,21 1,45 1,46 1,66 5,67 4,68 1,74 1,88 1,90 1,91 1,92 2,107 1,110 1,130 2,132 4,134 2,136 4,137 1,138 1,145 1,146 1,148 1,151 2,167 1,184 
104 5,8 2,9 5,17 1,18 1,19 1,20 1,21 10,45 4,46 1,47 2,48 1,49 1,50 1,59 1,62 6,66 10,67 13,68 1,86 3,107 1,110 1,111 2,112 3,113 6,130 1,131 5,132 13,134 9,136 13,137 2,139 9,167 2,170 
105 2,18 2,19 2,20 2,21 2,45 1,65 2,67 1,83 2,107 1,112 1,113 2,136 1,139 2,145 2,146 2,148 2,151 1,170 
106 3,33 3,36 1,48 9,53 9,55 1,64 1,101 3,108 1,127 1,136 4,143 2,179 
107 76,8 9,10 15,11 2,12 16,13 8,15 4,16 64,45 1,49 121,67 4,68 24,100 1,102 2,103 3,104 2,105 1,109 9,132 4,134 20,135 110,136 4,137 28,140 
108 2,8 2,9 3,17 6,18 6,19 6,20 6,21 5,45 7,47 10,48 7,49 7,50 3,53 3,55 1,63 6,64 1,65 5,66 4,67 2,68 1,74 1,86 2,90 1,92 1,96 3,106 1,112 1,113 1,118 2,120 2,121 1,122 1,123 1,124 2,129 6,130 3,131 5,132 2,134 3,136 2,137 1,138 2,139 1,140 3,143 3,145 3,146 3,148 3,151 2,154 1,155 1,160 2,162 2,167 3,168 3,169 2,170 1,184 
109 1,8 1,9 1,17 3,45 3,47 4,48 3,49 3,50 1,64 3,66 2,67 1,107 2,120 1,121 2,122 2,123 1,124 3,130 1,132 5,136 1,143 1,145 1,146 1,148 1,151 
110 31,8 4,10 12,11 1,12 9,13 7,15 31,45 56,67 10,100 1,101 1,103 1,104 60,111 3,135 16,136 1,157 1,159 1,160 
111 29,8 3,10 11,11 1,12 8,13 7,15 31,45 53,67 9,100 1,101 1,104 60,110 3,135 16,136 
112 2,10 1,11 4,12 1,13 2,14 5,15 9,75 4,100 2,104 1,105 1,108 62,113 1,114 1,115 1,116 1,117 1,136 61,139 52,170 5,183 
113 1,6 1,8 2,10 1,11 4,12 1,13 2,14 5,15 9,75 4,100 3,104 1,105 1,108 62,112 1,136 61,139 1,161 52,170 5,183 
114 20,86 1,112 69,115 69,116 70,117 38,119 1,139 1,150 
115 1,13 9,65 20,86 1,100 1,101 1,112 69,114 68,116 69,117 3,118 37,119 1,129 1,139 1,150 9,151 1,154 1,160 1,162 6,171 1,174 
116 20,86 1,112 69,114 68,115 69,117 38,119 1,139 1,150 
117 20,86 1,112 70,114 69,115 69,116 38,119 1,121 1,124 1,139 1,150 
118 1,27 1,37 4,65 1,90 1,92 1,108 3,115 8,129 3,151 3,153 4,154 1,157 2,159 4,160 7,162 1,171 
119 38,114 37,115 38,116 38,117 1,139 
120 1,10 2,15 3,36 1,59 1,61 1,62 3,86 2,108 2,109 33,121 36,122 33,123 20,124 
121 2,15 4,36 1,86 1,100 2,108 1,109 1,117 33,120 26,122 25,123 20,124 
122 1,10 1,12 2,15 3,36 3,86 1,100 1,108 2,109 36,120 26,121 33,123 11,124 2,157 1,159 
123 1,10 1,12 3,36 1,86 1,89 3,90 2,91 1,92 1,93 2,95 2,96 1,98 1,100 1,108 2,109 33,120 25,121 33,122 15,124 1,157 
124 2,15 1,108 1,109 1,117 20,120 20,121 11,122 15,123 
125 1,18 1,19 1,20 1,21 5,47 5,48 5,49 5,50 1,65 1,82 1,83 1,84 
126 1,18 1,19 1,20 1,21 7,47 7,48 7,49 7,50 1,64 2,86 1,131 2,145 2,146 2,148 1,168 1,169 
127 1,33 1,106 3,178 4,179 3,180 
128 1,49 1,53 1,54 1,100 
129 1,3 1,13 1,15 1,31 1,32 3,33 1,36 2,56 2,59 1,60 1,61 4,62 16,86 2,108 1,115 8,118 1,140 1,152 8,153 47,154 1,157 2,158 9,159 40,160 2,161 70,162 2,163 3,164 1,165 1,166 1,174 
130 26,8 153,9 17,10 29,11 14,12 60,13 2,14 22,15 10,16 173,45 1,64 300,66 35,67 3,73 67,100 2,101 5,102 1,103 6,104 6,108 3,109 2,131 45,132 19,135 301,136 73,140 
131 2,8 1,12 1,13 24,64 2,67 1,69 1,70 1,71 1,72 1,73 122,76 3,100 1,104 3,108 1,126 2,130 2,132 1,135 1,136 122,141 121,142 120,144 1,145 1,146 1,148 1,151 22,168 21,169 7,183 
132 85,8 8,10 11,11 5,12 23,13 1,14 7,15 3,16 131,17 6,18 7,19 7,20 1,21 1,40 1,42 91,45 1,64 148,67 31,100 3,101 1,102 2,103 5,104 9,107 5,108 1,109 45,130 2,131 26,135 42,136 1,178 1,180 
133 20,18 20,19 20,20 20,21 
134 8,10 1,11 3,12 5,13 11,15 1,16 1,17 44,46 107,68 7,100 3,101 1,102 4,103 13,104 4,107 2,108 107,137 58,167 23,183 
135 21,8 4,9 1,10 3,11 1,12 2,13 12,17 29,45 1,64 1,66 5,67 20,107 3,110 3,111 19,130 1,131 26,132 1,136 1,140 1,168 1,169 1,183 
136 89,8 143,9 22,10 36,11 16,12 62,13 1,14 29,15 14,16 31,17 1,40 222,45 1,46 2,47 5,48 2,49 2,50 3,64 289,66 165,67 1,73 1,75 82,100 2,101 6,102 2,103 9,104 2,105 1,106 110,107 3,108 5,109 16,110 16,111 1,112 1,113 301,130 1,131 42,132 1,135 102,140 2,143 1,168 1,169 1,170 1,178 1,180 
137 8,10 1,11 3,12 5,13 11,15 1,16 1,17 44,46 1,63 108,68 1,74 7,100 4,101 1,102 4,103 13,104 4,107 2,108 107,134 59,167 23,183 
138 98,63 1,68 100,74 1,100 1,103 1,108 98,184 
139 1,8 2,10 1,11 4,12 1,13 2,14 4,15 8,75 4,100 2,104 1,105 2,108 61,112 61,113 1,114 1,115 1,116 1,117 1,119 53,170 5,183 
140 16,8 38,9 46,45 1,48 1,64 74,66 28,67 1,100 28,107 1,108 1,129 73,130 1,135 102,136 1,143 1,153 1,154 1,162 
141 121,76 122,131 121,142 120,144 
142 1,13 122,76 121,131 121,141 121,144 
143 1,14 27,47 42,48 27,49 27,50 3,53 3,55 15,64 1,100 4,106 3,108 1,109 2,136 1,140 2,183 
144 1,13 123,76 120,131 120,141 121,142 
145 1,10 1,11 1,12 5,13 2,15 1,76 46,86 7,100 1,102 1,103 2,105 3,108 1,109 2,126 1,131 117,146 117,148 86,151 3,152 4,153 4,160 6,161 
146 1,6 1,10 1,11 1,12 5,13 2,15 1,76 47,86 7,100 1,102 1,103 2,105 3,108 1,109 2,126 1,131 117,145 119,148 87,151 4,152 4,153 1,157 5,160 6,161 1,162 1,171 1,178 1,180 
147 2,4 2,5 2,7 1,27 1,65 1,153 1,171 
148 1,10 1,11 1,12 5,13 2,15 1,76 47,86 7,100 1,102 1,103 2,105 3,108 1,109 2,126 1,131 117,145 119,146 87,151 4,152 4,153 1,158 6,160 6,161 1,162 1,171 
149 13,30 18,172 18,173 19,175 3,176 4,177 
150 1,114 1,115 1,116 1,117 1,163 
151 5,13 1,15 9,65 16,86 6,100 1,101 1,103 2,105 3,108 1,109 9,115 3,118 1,131 86,145 87,146 87,148 4,152 4,153 4,160 6,161 7,171 1,174 
152 1,16 1,129 3,145 4,146 4,148 4,151 5,154 5,157 3,158 3,159 2,160 2,161 8,162 1,171 
153 1,27 1,65 3,118 8,129 1,140 4,145 4,146 1,147 4,148 4,151 5,154 2,157 10,162 1,163 2,164 1,171 
154 1,3 1,15 2,36 13,86 2,108 1,115 4,118 47,129 1,140 5,152 5,153 4,157 8,158 25,160 3,161 54,162 1,163 2,165 1,166 1,174 
155 4,65 1,108 
156 1,56 1,59 1,62 
157 1,16 1,36 1,110 1,118 2,122 1,123 1,129 1,146 5,152 2,153 4,154 7,159 5,160 3,161 13,162 1,164 
158 1,64 5,86 2,129 1,148 3,152 8,154 3,159 4,160 1,161 13,162 1,164 
159 1,64 3,86 1,110 2,118 1,122 9,129 3,152 7,157 3,158 10,160 1,161 14,162 
160 1,13 3,36 1,64 1,86 1,108 1,110 1,115 4,118 40,129 4,145 5,146 6,148 4,151 2,152 25,154 5,157 4,158 10,159 47,162 2,165 
161 2,6 1,36 1,113 2,129 6,145 6,146 6,148 6,151 2,152 3,154 3,157 1,158 1,159 7,162 1,164 2,165 1,166 
162 1,3 1,13 1,15 1,16 3,36 1,64 17,86 1,90 1,94 2,108 1,115 7,118 70,129 1,140 1,146 1,148 8,152 10,153 54,154 13,157 13,158 14,159 47,160 7,161 2,163 4,164 7,165 2,166 1,174 
163 1,3 4,6 3,34 4,35 2,129 1,150 1,153 1,154 2,162 1,165 
164 1,40 1,42 3,129 2,153 1,157 1,158 1,161 4,162 1,178 1,180 
165 1,34 2,35 1,36 1,129 2,154 2,160 2,161 7,162 1,163 1,166 1,182 
166 1,129 1,154 1,161 2,162 1,165 
167 4,10 3,13 7,15 59,68 3,100 2,101 2,103 9,104 2,108 58,134 59,137 14,183 
168 1,8 1,13 22,64 3,100 3,108 1,126 22,131 1,135 1,136 21,169 7,183 
169 1,13 21,64 3,100 3,108 1,126 21,131 1,135 1,136 21,168 7,183 
170 2,10 1,11 4,12 1,13 2,14 2,15 3,100 2,104 1,105 2,108 52,112 52,113 1,136 53,139 5,183 
171 1,27 7,65 1,100 1,101 6,115 1,118 1,146 1,147 1,148 7,151 1,152 1,153 1,174 
172 13,30 18,149 18,173 18,175 4,176 4,177 
173 13,30 18,149 18,172 18,175 3,176 4,177 
174 1,65 1,115 1,129 1,151 1,154 1,162 1,171 
175 13,30 19,149 18,172 18,173 3,176 4,177 
176 3,149 4,172 3,173 3,175 3,177 
177 4,149 4,172 4,173 4,175 3,176 
178 1,6 2,8 7,40 5,42 3,127 1,132 1,136 1,146 1,164 3,179 11,180 
179 2,33 2,106 4,127 3,178 3,180 
180 1,6 2,8 7,40 5,42 2,87 1,88 5,90 6,91 1,92 1,94 2,96 1,99 3,127 1,132 1,136 1,146 1,164 11,178 3,179 
181 1,36 1,65 1,82 1,83 1,84 1,93 1,94 1,95 1,97 
182 1,6 2,34 2,35 1,165 
183 9,46 2,48 9,64 23,68 5,112 5,113 7,131 23,134 1,135 23,137 5,139 2,143 14,167 7,168 7,169 5,170 
184 96,63 98,74 1,103 1,108 98,138 
